1 0.890625 0.10336538461538461 0.015625 0.021634615384615384
1 0.8882211538461539 0.13701923076923078 0.019230769230769232 0.030048076923076924
1 0.890625 0.16706730769230768 0.02283653846153846 0.038461538461538464
1 0.8713942307692307 0.17548076923076922 0.016826923076923076 0.04447115384615385
1 0.7127403846153846 0.1778846153846154 0.02403846153846154 0.046875
1 0.41466346153846156 0.17908653846153846 0.019230769230769232 0.05048076923076923
1 0.5444711538461539 0.17908653846153846 0.021634615384615384 0.040865384615384616
1 0.6274038461538461 0.17908653846153846 0.018028846153846152 0.040865384615384616
1 0.4651442307692308 0.17908653846153846 0.02283653846153846 0.046875
1 0.7932692307692307 0.18028846153846154 0.019230769230769232 0.042067307692307696
1 0.8305288461538461 0.18028846153846154 0.025240384615384616 0.04807692307692308
1 0.3762019230769231 0.18269230769230768 0.019230769230769232 0.046875
1 0.3317307692307692 0.18990384615384615 0.027644230769230768 0.04326923076923077
1 0.2920673076923077 0.19471153846153846 0.02403846153846154 0.051682692307692304
1 0.25240384615384615 0.20793269230769232 0.027644230769230768 0.054086538461538464
1 0.22115384615384615 0.22596153846153846 0.03125 0.05889423076923077
1 0.19471153846153846 0.24278846153846154 0.030048076923076924 0.0625
1 0.1778846153846154 0.26322115384615385 0.027644230769230768 0.05889423076923077
0 0.6213942307692307 0.2644230769230769 0.02403846153846154 0.03125
0 0.7307692307692307 0.265625 0.02283653846153846 0.038461538461538464
0 0.5697115384615384 0.2668269230769231 0.02403846153846154 0.03485576923076923
0 0.5216346153846154 0.2692307692307692 0.02403846153846154 0.03485576923076923
0 0.8341346153846154 0.27163461538461536 0.03125 0.038461538461538464
0 0.9447115384615384 0.2764423076923077 0.025240384615384616 0.037259615384615384
1 0.16466346153846154 0.28125 0.026442307692307692 0.05889423076923077
0 0.5072115384615384 0.2980769230769231 0.02403846153846154 0.042067307692307696
1 0.1658653846153846 0.31490384615384615 0.03125 0.056490384615384616
0 0.5396634615384616 0.32572115384615385 0.027644230769230768 0.046875
0 0.5733173076923077 0.3401442307692308 0.02403846153846154 0.040865384615384616
1 0.17548076923076922 0.3449519230769231 0.036057692307692304 0.056490384615384616
0 0.6286057692307693 0.3701923076923077 0.026442307692307692 0.038461538461538464
1 0.19230769230769232 0.3798076923076923 0.028846153846153848 0.057692307692307696
0 0.6862980769230769 0.4050480769230769 0.03365384615384615 0.051682692307692304
1 0.22115384615384615 0.4182692307692308 0.03485576923076923 0.06129807692307692
0 0.7475961538461539 0.44711538461538464 0.03125 0.04447115384615385
1 0.25721153846153844 0.4579326923076923 0.039663461538461536 0.06610576923076923
0 0.8028846153846154 0.5 0.03245192307692308 0.05889423076923077
1 0.29086538461538464 0.5048076923076923 0.038461538461538464 0.06129807692307692
0 0.8569711538461539 0.5649038461538461 0.046875 0.07451923076923077
1 0.3161057692307692 0.5661057692307693 0.046875 0.07451923076923077
0 0.9146634615384616 0.6442307692307693 0.052884615384615384 0.08653846153846154
1 0.328125 0.6442307692307693 0.046875 0.08173076923076923
1 0.9819711538461539 0.06971153846153846 0.021634615384615384 0.042067307692307696
1 0.9194711538461539 0.07091346153846154 0.015625 0.03245192307692308
1 0.9579326923076923 0.07211538461538461 0.015625 0.03485576923076923
0 0.9771634615384616 0.734375 0.04326923076923077 0.0985576923076923
1 0.8978365384615384 0.07451923076923077 0.015625 0.03365384615384615
1 0.9387019230769231 0.07451923076923077 0.01201923076923077 0.03365384615384615
1 0.328125 0.875 0.0673076923076923 0.12259615384615384
1 0.8942307692307693 0.0889423076923077 0.01201923076923077 0.018028846153846152