1 0.8701923076923077 0.1875 0.020432692307692308 0.03125
1 0.4170673076923077 0.1875 0.028846153846153848 0.046875
1 0.8317307692307693 0.18870192307692307 0.02283653846153846 0.042067307692307696
1 0.7908653846153846 0.18870192307692307 0.025240384615384616 0.038461538461538464
1 0.7079326923076923 0.18990384615384615 0.021634615384615384 0.03485576923076923
1 0.3762019230769231 0.18990384615384615 0.030048076923076924 0.05048076923076923
1 0.4651442307692308 0.18990384615384615 0.036057692307692304 0.05048076923076923
1 0.625 0.19230769230769232 0.025240384615384616 0.040865384615384616
1 0.5444711538461539 0.1935096153846154 0.03125 0.038461538461538464
1 0.33052884615384615 0.203125 0.03365384615384615 0.052884615384615384
1 0.29086538461538464 0.2091346153846154 0.03485576923076923 0.06370192307692307
1 0.2512019230769231 0.22235576923076922 0.037259615384615384 0.054086538461538464
1 0.21754807692307693 0.23557692307692307 0.04807692307692308 0.054086538461538464
1 0.19471153846153846 0.25240384615384615 0.03125 0.05048076923076923
1 0.17908653846153846 0.2764423076923077 0.03125 0.055288461538461536
0 0.8317307692307693 0.27884615384615385 0.03125 0.046875
0 0.6189903846153846 0.2800480769230769 0.028846153846153848 0.05048076923076923
0 0.7271634615384616 0.2800480769230769 0.036057692307692304 0.05048076923076923
0 0.5685096153846154 0.28125 0.03245192307692308 0.051682692307692304
0 0.9435096153846154 0.2860576923076923 0.03125 0.04927884615384615
0 0.5216346153846154 0.28725961538461536 0.025240384615384616 0.05048076923076923
1 0.16466346153846154 0.2980769230769231 0.036057692307692304 0.05889423076923077
0 0.5060096153846154 0.3112980769230769 0.026442307692307692 0.046875
1 0.16346153846153846 0.33052884615384615 0.04326923076923077 0.04927884615384615
0 0.5372596153846154 0.3389423076923077 0.037259615384615384 0.055288461538461536
0 0.5745192307692307 0.3629807692307692 0.036057692307692304 0.052884615384615384
1 0.17548076923076922 0.36658653846153844 0.03245192307692308 0.046875
0 0.6262019230769231 0.390625 0.037259615384615384 0.0625
1 0.18990384615384615 0.39903846153846156 0.06009615384615385 0.046875
0 0.6862980769230769 0.4230769230769231 0.04326923076923077 0.08052884615384616
1 0.21875 0.4362980769230769 0.037259615384615384 0.06490384615384616
0 0.7439903846153846 0.45913461538461536 0.04447115384615385 0.09735576923076923
1 0.25600961538461536 0.47475961538461536 0.040865384615384616 0.06490384615384616
0 0.7992788461538461 0.5144230769230769 0.039663461538461536 0.06850961538461539
1 0.2920673076923077 0.5204326923076923 0.05048076923076923 0.09014423076923077
0 0.8533653846153846 0.5745192307692307 0.05889423076923077 0.10216346153846154
1 0.3125 0.5841346153846154 0.0673076923076923 0.07932692307692307
0 0.9170673076923077 0.6598557692307693 0.054086538461538464 0.10336538461538461
1 0.3269230769230769 0.6598557692307693 0.06370192307692307 0.10216346153846154
0 0.9747596153846154 0.7548076923076923 0.04807692307692308 0.11538461538461539
1 0.3245192307692308 0.8870192307692307 0.08173076923076923 0.13221153846153846