1 0.8834134615384616 0.19471153846153846 0.021634615384615384 0.036057692307692304
1 0.8617788461538461 0.20072115384615385 0.02283653846153846 0.03485576923076923
1 0.8245192307692307 0.20192307692307693 0.021634615384615384 0.037259615384615384
1 0.703125 0.203125 0.027644230769230768 0.040865384615384616
1 0.45913461538461536 0.20432692307692307 0.03125 0.042067307692307696
1 0.7848557692307693 0.20552884615384615 0.027644230769230768 0.03485576923076923
1 0.6201923076923077 0.20552884615384615 0.020432692307692308 0.036057692307692304
1 0.5348557692307693 0.20673076923076922 0.02283653846153846 0.038461538461538464
1 0.40865384615384615 0.20793269230769232 0.03125 0.04326923076923077
1 0.36899038461538464 0.21153846153846154 0.030048076923076924 0.03485576923076923
1 0.3269230769230769 0.21514423076923078 0.03485576923076923 0.03485576923076923
1 0.2824519230769231 0.22596153846153846 0.026442307692307692 0.040865384615384616
1 0.24519230769230768 0.234375 0.03485576923076923 0.046875
1 0.21514423076923078 0.2620192307692308 0.03365384615384615 0.07091346153846154
1 0.18990384615384615 0.2764423076923077 0.03125 0.05048076923076923
1 0.171875 0.2932692307692308 0.03125 0.04567307692307692
0 0.7175480769230769 0.2932692307692308 0.03365384615384615 0.054086538461538464
0 0.8245192307692307 0.29447115384615385 0.028846153846153848 0.046875
0 0.5625 0.2956730769230769 0.028846153846153848 0.038461538461538464
0 0.6141826923076923 0.2956730769230769 0.02403846153846154 0.042067307692307696
0 0.9350961538461539 0.29927884615384615 0.03125 0.05048076923076923
0 0.515625 0.3076923076923077 0.03125 0.04807692307692308
1 0.15504807692307693 0.3173076923076923 0.03365384615384615 0.054086538461538464
0 0.5 0.32211538461538464 0.028846153846153848 0.06370192307692307
1 0.15504807692307693 0.3473557692307692 0.03365384615384615 0.06009615384615385
0 0.53125 0.35096153846153844 0.037259615384615384 0.057692307692307696
0 0.5649038461538461 0.37259615384615385 0.038461538461538464 0.04807692307692308
1 0.16947115384615385 0.375 0.040865384615384616 0.04567307692307692
0 0.6213942307692307 0.4110576923076923 0.03245192307692308 0.06009615384615385
1 0.18389423076923078 0.41346153846153844 0.04807692307692308 0.054086538461538464
0 0.6778846153846154 0.4362980769230769 0.03485576923076923 0.06129807692307692
1 0.21033653846153846 0.45072115384615385 0.04326923076923077 0.07211538461538461
0 0.7367788461538461 0.47716346153846156 0.039663461538461536 0.06850961538461539
1 0.25 0.4855769230769231 0.046875 0.07091346153846154
0 0.7932692307692307 0.5216346153846154 0.052884615384615384 0.06971153846153846
1 0.2848557692307692 0.5396634615384616 0.06129807692307692 0.078125
0 0.8485576923076923 0.5901442307692307 0.04807692307692308 0.07451923076923077
1 0.30528846153846156 0.5973557692307693 0.057692307692307696 0.0733173076923077
0 0.9098557692307693 0.6598557692307693 0.054086538461538464 0.10216346153846154
1 0.31971153846153844 0.6778846153846154 0.055288461538461536 0.08413461538461539
0 0.9711538461538461 0.7764423076923077 0.056490384615384616 0.11298076923076923
1 0.32091346153846156 0.9122596153846154 0.06971153846153846 0.13701923076923078