1 0.2932692307692308 0.9314903846153846 0.06850961538461539 0.11538461538461539
1 0.43028846153846156 0.21514423076923078 0.021634615384615384 0.046875
1 0.8293269230769231 0.21634615384615385 0.021634615384615384 0.042067307692307696
1 0.7944711538461539 0.21754807692307693 0.020432692307692308 0.039663461538461536
1 0.6778846153846154 0.21754807692307693 0.015625 0.03125
1 0.7572115384615384 0.22115384615384615 0.027644230769230768 0.03245192307692308
1 0.5961538461538461 0.22115384615384615 0.02283653846153846 0.042067307692307696
1 0.38341346153846156 0.22235576923076922 0.021634615384615384 0.040865384615384616
1 0.5108173076923077 0.2247596153846154 0.02403846153846154 0.036057692307692304
1 0.3449519230769231 0.2283653846153846 0.027644230769230768 0.03485576923076923
1 0.3004807692307692 0.23317307692307693 0.02283653846153846 0.038461538461538464
1 0.25721153846153844 0.2403846153846154 0.02283653846153846 0.040865384615384616
1 0.22115384615384615 0.24759615384615385 0.037259615384615384 0.055288461538461536
1 0.18389423076923078 0.2608173076923077 0.038461538461538464 0.056490384615384616
1 0.15985576923076922 0.29086538461538464 0.027644230769230768 0.052884615384615384
0 0.7992788461538461 0.30528846153846156 0.03245192307692308 0.04927884615384615
0 0.9086538461538461 0.30649038461538464 0.03365384615384615 0.056490384615384616
0 0.5889423076923077 0.3088942307692308 0.025240384615384616 0.038461538461538464
0 0.6947115384615384 0.3088942307692308 0.03365384615384615 0.04807692307692308
0 0.5408653846153846 0.3112980769230769 0.03485576923076923 0.04326923076923077
1 0.14182692307692307 0.3125 0.03245192307692308 0.06370192307692307
0 0.49399038461538464 0.3161057692307692 0.030048076923076924 0.04807692307692308
1 0.1310096153846154 0.33653846153846156 0.028846153846153848 0.051682692307692304
0 0.47596153846153844 0.3401442307692308 0.025240384615384616 0.055288461538461536
1 0.12620192307692307 0.3581730769230769 0.04326923076923077 0.054086538461538464
0 0.5108173076923077 0.36778846153846156 0.03125 0.054086538461538464
0 0.5456730769230769 0.3918269230769231 0.03485576923076923 0.05048076923076923
1 0.13822115384615385 0.39903846153846156 0.040865384615384616 0.06129807692307692
0 0.5961538461538461 0.4182692307692308 0.03365384615384615 0.0625
1 0.15745192307692307 0.4338942307692308 0.04326923076923077 0.06610576923076923
0 0.6526442307692307 0.4519230769230769 0.036057692307692304 0.06370192307692307
1 0.18389423076923078 0.4735576923076923 0.042067307692307696 0.06129807692307692
0 0.7103365384615384 0.4855769230769231 0.04326923076923077 0.06129807692307692
1 0.22235576923076922 0.5072115384615384 0.04326923076923077 0.06370192307692307
0 0.7680288461538461 0.5408653846153846 0.040865384615384616 0.07451923076923077
1 0.2548076923076923 0.5588942307692307 0.05889423076923077 0.06610576923076923
0 0.8197115384615384 0.5949519230769231 0.06009615384615385 0.09134615384615384
1 0.28125 0.6213942307692307 0.04567307692307692 0.06370192307692307
0 0.8822115384615384 0.6730769230769231 0.05889423076923077 0.10096153846153846
1 0.2920673076923077 0.6971153846153846 0.06009615384615385 0.0829326923076923
0 0.9519230769230769 0.7692307692307693 0.06370192307692307 0.0985576923076923