0 0.9242788461538461 0.9519230769230769 0.07091346153846154 0.09495192307692307
1 0.6538461538461539 0.24639423076923078 0.020432692307692308 0.028846153846153848
1 0.5841346153846154 0.24759615384615385 0.014423076923076924 0.03485576923076923
1 0.6189903846153846 0.24759615384615385 0.02403846153846154 0.026442307692307692
1 0.5096153846153846 0.25 0.02283653846153846 0.040865384615384616
1 0.3449519230769231 0.2608173076923077 0.02403846153846154 0.038461538461538464
1 0.43028846153846156 0.2620192307692308 0.018028846153846152 0.039663461538461536
1 0.25961538461538464 0.2644230769230769 0.02403846153846154 0.03365384615384615
1 0.20673076923076922 0.2692307692307692 0.026442307692307692 0.046875
1 0.1658653846153846 0.27163461538461536 0.02403846153846154 0.06009615384615385
1 0.1141826923076923 0.28725961538461536 0.03245192307692308 0.054086538461538464
1 0.06850961538461539 0.2956730769230769 0.026442307692307692 0.052884615384615384
1 0.02283653846153846 0.3137019230769231 0.028846153846153848 0.06610576923076923
0 0.8161057692307693 0.3245192307692308 0.02283653846153846 0.036057692307692304
0 0.9098557692307693 0.3269230769230769 0.02403846153846154 0.039663461538461536
0 0.9567307692307693 0.328125 0.021634615384615384 0.039663461538461536
0 0.7211538461538461 0.3293269230769231 0.02403846153846154 0.037259615384615384
0 0.6237980769230769 0.3317307692307692 0.02283653846153846 0.037259615384615384
0 0.5300480769230769 0.3401442307692308 0.027644230769230768 0.038461538461538464
0 0.42788461538461536 0.3485576923076923 0.02403846153846154 0.051682692307692304
0 0.3737980769230769 0.35336538461538464 0.021634615384615384 0.038461538461538464
0 0.328125 0.36778846153846156 0.037259615384615384 0.04927884615384615
0 0.3088942307692308 0.3870192307692308 0.03365384615384615 0.046875
0 0.34615384615384615 0.40865384615384615 0.028846153846153848 0.06129807692307692
0 0.38100961538461536 0.42788461538461536 0.036057692307692304 0.05889423076923077
0 0.4375 0.4579326923076923 0.037259615384615384 0.05048076923076923
0 0.49278846153846156 0.47596153846153844 0.04326923076923077 0.07091346153846154
0 0.5504807692307693 0.5144230769230769 0.04326923076923077 0.07091346153846154
0 0.6033653846153846 0.5552884615384616 0.03485576923076923 0.07211538461538461
1 0.030048076923076924 0.5961538461538461 0.04927884615384615 0.07451923076923077
0 0.6490384615384616 0.6069711538461539 0.04567307692307692 0.08653846153846154
1 0.07211538461538461 0.640625 0.054086538461538464 0.08173076923076923
0 0.7103365384615384 0.6754807692307693 0.052884615384615384 0.09495192307692307
1 0.10096153846153846 0.703125 0.06129807692307692 0.08653846153846154
0 0.7716346153846154 0.7560096153846154 0.056490384615384616 0.08052884615384616
1 0.11778846153846154 0.7848557692307693 0.0625 0.10216346153846154
0 0.8461538461538461 0.8509615384615384 0.06370192307692307 0.10697115384615384