0 0.8521634615384616 0.9314903846153846 0.06009615384615385 0.11057692307692307
0 0.7788461538461539 0.2127403846153846 0.018028846153846152 0.026442307692307692
0 0.8125 0.22355769230769232 0.016826923076923076 0.027644230769230768
1 0.6057692307692307 0.23557692307692307 0.02403846153846154 0.02403846153846154
0 0.8473557692307693 0.24639423076923078 0.02283653846153846 0.03365384615384615
1 0.5901442307692307 0.24759615384615385 0.016826923076923076 0.037259615384615384
1 0.5552884615384616 0.24879807692307693 0.018028846153846152 0.03245192307692308
1 0.5204326923076923 0.25240384615384615 0.02403846153846154 0.027644230769230768
1 0.44591346153846156 0.25841346153846156 0.020432692307692308 0.030048076923076924
0 0.8930288461538461 0.26322115384615385 0.028846153846153848 0.030048076923076924
1 0.3641826923076923 0.2644230769230769 0.021634615384615384 0.03125
1 0.18990384615384615 0.27163461538461536 0.030048076923076924 0.042067307692307696
1 0.27884615384615385 0.27403846153846156 0.03125 0.037259615384615384
1 0.1346153846153846 0.2776442307692308 0.02403846153846154 0.05048076923076923
0 0.9387019230769231 0.2860576923076923 0.03125 0.038461538461538464
1 0.0889423076923077 0.2860576923076923 0.027644230769230768 0.052884615384615384
1 0.03365384615384615 0.2920673076923077 0.03485576923076923 0.05048076923076923
0 0.953125 0.3088942307692308 0.026442307692307692 0.042067307692307696
0 0.9206730769230769 0.3125 0.030048076923076924 0.04567307692307692
0 0.8810096153846154 0.3161057692307692 0.026442307692307692 0.04447115384615385
0 0.8365384615384616 0.31850961538461536 0.028846153846153848 0.042067307692307696
0 0.7439903846153846 0.32091346153846156 0.02403846153846154 0.046875
0 0.6550480769230769 0.3293269230769231 0.02403846153846154 0.04567307692307692
0 0.5612980769230769 0.3329326923076923 0.026442307692307692 0.038461538461538464
0 0.4675480769230769 0.3425480769230769 0.03125 0.03485576923076923
0 0.36177884615384615 0.3545673076923077 0.026442307692307692 0.046875
0 0.3088942307692308 0.3557692307692308 0.027644230769230768 0.04807692307692308
0 0.25721153846153844 0.3701923076923077 0.03125 0.04447115384615385
0 0.24278846153846154 0.40024038461538464 0.03485576923076923 0.054086538461538464
0 0.27884615384615385 0.4206730769230769 0.042067307692307696 0.04807692307692308
0 0.3161057692307692 0.4387019230769231 0.03125 0.06009615384615385
0 0.37259615384615385 0.4651442307692308 0.039663461538461536 0.0625
0 0.42788461538461536 0.48677884615384615 0.038461538461538464 0.07091346153846154
0 0.4879807692307692 0.5180288461538461 0.038461538461538464 0.0625
0 0.5396634615384616 0.5564903846153846 0.042067307692307696 0.06370192307692307
0 0.5901442307692307 0.609375 0.04567307692307692 0.06850961538461539
1 0.01201923076923077 0.6550480769230769 0.02403846153846154 0.07451923076923077
0 0.6466346153846154 0.6766826923076923 0.04567307692307692 0.07932692307692307
1 0.026442307692307692 0.7259615384615384 0.052884615384615384 0.08653846153846154
0 0.703125 0.75 0.056490384615384616 0.08653846153846154
1 0.046875 0.8185096153846154 0.08533653846153846 0.09975961538461539
0 0.7776442307692307 0.8341346153846154 0.0625 0.10336538461538461