0 0.828125 0.9278846153846154 0.07692307692307693 0.11899038461538461
0 0.7824519230769231 0.2283653846153846 0.019230769230769232 0.03365384615384615
1 0.5829326923076923 0.24519230769230768 0.018028846153846152 0.02403846153846154
0 0.8221153846153846 0.24639423076923078 0.015625 0.028846153846153848
1 0.5661057692307693 0.25240384615384615 0.010817307692307692 0.04447115384615385
1 0.4963942307692308 0.2536057692307692 0.019230769230769232 0.03365384615384615
1 0.5336538461538461 0.2536057692307692 0.018028846153846152 0.039663461538461536
1 0.421875 0.2608173076923077 0.02283653846153846 0.030048076923076924
0 0.8677884615384616 0.2704326923076923 0.026442307692307692 0.03485576923076923
1 0.3401442307692308 0.2704326923076923 0.020432692307692308 0.039663461538461536
1 0.25240384615384615 0.2764423076923077 0.028846153846153848 0.038461538461538464
1 0.1622596153846154 0.28125 0.021634615384615384 0.042067307692307696
1 0.10576923076923077 0.2824519230769231 0.027644230769230768 0.05048076923076923
0 0.9134615384615384 0.28725961538461536 0.028846153846153848 0.04447115384615385
1 0.06009615384615385 0.296875 0.02403846153846154 0.054086538461538464
1 0.013221153846153846 0.30649038461538464 0.026442307692307692 0.05889423076923077
0 0.9230769230769231 0.3112980769230769 0.03485576923076923 0.04567307692307692
0 0.8930288461538461 0.3161057692307692 0.019230769230769232 0.04447115384615385
0 0.8533653846153846 0.31971153846153844 0.02283653846153846 0.042067307692307696
0 0.7199519230769231 0.3269230769230769 0.027644230769230768 0.046875
0 0.8112980769230769 0.328125 0.019230769230769232 0.05048076923076923
0 0.6286057692307693 0.33533653846153844 0.038461538461538464 0.04447115384615385
0 0.5360576923076923 0.33653846153846156 0.03485576923076923 0.042067307692307696
0 0.44350961538461536 0.3485576923076923 0.027644230769230768 0.038461538461538464
0 0.3401442307692308 0.3605769230769231 0.030048076923076924 0.042067307692307696
0 0.28365384615384615 0.36538461538461536 0.028846153846153848 0.05048076923076923
0 0.23197115384615385 0.3762019230769231 0.028846153846153848 0.051682692307692304
0 0.2127403846153846 0.40384615384615385 0.03125 0.055288461538461536
0 0.2536057692307692 0.4254807692307692 0.03485576923076923 0.04927884615384615
0 0.29086538461538464 0.44591346153846156 0.03245192307692308 0.06129807692307692
0 0.34615384615384615 0.46274038461538464 0.040865384615384616 0.05889423076923077
0 0.40625 0.49399038461538464 0.039663461538461536 0.06971153846153846
0 0.4651442307692308 0.5168269230769231 0.042067307692307696 0.06850961538461539
0 0.5204326923076923 0.5661057692307693 0.04567307692307692 0.057692307692307696
0 0.5697115384615384 0.6201923076923077 0.03485576923076923 0.078125
0 0.6225961538461539 0.6754807692307693 0.055288461538461536 0.08052884615384616
1 0.01201923076923077 0.7331730769230769 0.02403846153846154 0.10096153846153846
0 0.6826923076923077 0.7475961538461539 0.054086538461538464 0.09014423076923077
1 0.02283653846153846 0.8305288461538461 0.04447115384615385 0.09014423076923077
0 0.7536057692307693 0.8329326923076923 0.055288461538461536 0.0889423076923077