0 0.7620192307692307 0.9350961538461539 0.06490384615384616 0.10697115384615384
0 0.7127403846153846 0.2403846153846154 0.015625 0.020432692307692308
1 0.5192307692307693 0.2620192307692308 0.015625 0.02403846153846154
0 0.7487980769230769 0.2620192307692308 0.019230769230769232 0.02283653846153846
1 0.4699519230769231 0.2704326923076923 0.015625 0.026442307692307692
1 0.5036057692307693 0.2704326923076923 0.013221153846153846 0.04447115384615385
0 0.7932692307692307 0.2764423076923077 0.018028846153846152 0.030048076923076924
1 0.4338942307692308 0.2764423076923077 0.016826923076923076 0.02403846153846154
1 0.3557692307692308 0.28365384615384615 0.02403846153846154 0.025240384615384616
1 0.2764423076923077 0.29447115384615385 0.015625 0.03245192307692308
0 0.8365384615384616 0.3004807692307692 0.021634615384615384 0.03125
1 0.1814903846153846 0.30528846153846156 0.02403846153846154 0.040865384615384616
1 0.09014423076923077 0.3076923076923077 0.027644230769230768 0.04447115384615385
1 0.025240384615384616 0.3112980769230769 0.02403846153846154 0.04326923076923077
0 0.8461538461538461 0.3161057692307692 0.020432692307692308 0.03245192307692308
0 0.8173076923076923 0.32572115384615385 0.021634615384615384 0.03365384615384615
0 0.7800480769230769 0.3317307692307692 0.02403846153846154 0.03365384615384615
0 0.7403846153846154 0.33653846153846156 0.021634615384615384 0.027644230769230768
0 0.6550480769230769 0.34134615384615385 0.02403846153846154 0.028846153846153848
0 0.5673076923076923 0.3485576923076923 0.026442307692307692 0.038461538461538464
0 0.47475961538461536 0.359375 0.026442307692307692 0.03485576923076923
0 0.38100961538461536 0.37259615384615385 0.027644230769230768 0.042067307692307696
0 0.27163461538461536 0.3858173076923077 0.03125 0.042067307692307696
0 0.21514423076923078 0.39302884615384615 0.028846153846153848 0.051682692307692304
0 0.1622596153846154 0.4098557692307692 0.027644230769230768 0.05048076923076923
0 0.14182692307692307 0.4338942307692308 0.036057692307692304 0.054086538461538464
0 0.18389423076923078 0.4579326923076923 0.03485576923076923 0.057692307692307696
0 0.22235576923076922 0.47596153846153844 0.036057692307692304 0.05048076923076923
0 0.28365384615384615 0.49399038461538464 0.04326923076923077 0.051682692307692304
0 0.34375 0.5144230769230769 0.03365384615384615 0.052884615384615384
0 0.40384615384615385 0.5444711538461539 0.04807692307692308 0.06009615384615385
0 0.4567307692307692 0.5853365384615384 0.04447115384615385 0.0625
0 0.5060096153846154 0.6370192307692307 0.04326923076923077 0.078125
0 0.5612980769230769 0.6935096153846154 0.04807692307692308 0.0829326923076923
0 0.6225961538461539 0.7548076923076923 0.05048076923076923 0.08774038461538461
0 0.6887019230769231 0.8425480769230769 0.06971153846153846 0.0889423076923077