0 0.7079326923076923 0.2403846153846154 0.019230769230769232 0.021634615384615384
0 0.7439903846153846 0.2608173076923077 0.019230769230769232 0.02283653846153846
1 0.5132211538461539 0.2620192307692308 0.018028846153846152 0.028846153846153848
1 0.49759615384615385 0.27163461538461536 0.015625 0.026442307692307692
1 0.4651442307692308 0.27403846153846156 0.019230769230769232 0.027644230769230768
0 0.7884615384615384 0.2776442307692308 0.021634615384615384 0.030048076923076924
1 0.43028846153846156 0.2776442307692308 0.020432692307692308 0.026442307692307692
1 0.3545673076923077 0.28846153846153844 0.02283653846153846 0.027644230769230768
1 0.2692307692307692 0.296875 0.021634615384615384 0.027644230769230768
0 0.8341346153846154 0.3004807692307692 0.021634615384615384 0.026442307692307692
1 0.1778846153846154 0.30649038461538464 0.025240384615384616 0.028846153846153848
1 0.08173076923076923 0.3137019230769231 0.030048076923076924 0.030048076923076924
0 0.8413461538461539 0.31850961538461536 0.025240384615384616 0.03245192307692308
0 0.8137019230769231 0.3245192307692308 0.02403846153846154 0.037259615384615384
1 0.02283653846153846 0.3245192307692308 0.027644230769230768 0.03485576923076923
0 0.7752403846153846 0.33052884615384615 0.02403846153846154 0.03485576923076923
0 0.7367788461538461 0.3329326923076923 0.019230769230769232 0.027644230769230768
0 0.6502403846153846 0.3425480769230769 0.02403846153846154 0.03485576923076923
0 0.5637019230769231 0.35096153846153844 0.019230769230769232 0.039663461538461536
0 0.47115384615384615 0.35697115384615385 0.02283653846153846 0.03485576923076923
0 0.3737980769230769 0.37259615384615385 0.026442307692307692 0.036057692307692304
0 0.2668269230769231 0.3894230769230769 0.03125 0.042067307692307696
0 0.2091346153846154 0.3954326923076923 0.026442307692307692 0.04326923076923077
0 0.15504807692307693 0.41346153846153844 0.03365384615384615 0.038461538461538464
0 0.13942307692307693 0.44471153846153844 0.03365384615384615 0.04927884615384615
0 0.17668269230769232 0.4639423076923077 0.03365384615384615 0.054086538461538464
0 0.21754807692307693 0.48197115384615385 0.03125 0.05889423076923077
0 0.2776442307692308 0.4987980769230769 0.03365384615384615 0.06850961538461539
0 0.3389423076923077 0.5240384615384616 0.038461538461538464 0.04326923076923077
0 0.39663461538461536 0.546875 0.03485576923076923 0.07091346153846154
0 0.45072115384615385 0.5853365384615384 0.038461538461538464 0.0625
0 0.5012019230769231 0.6370192307692307 0.04447115384615385 0.07211538461538461
0 0.5552884615384616 0.6911057692307693 0.054086538461538464 0.06850961538461539
0 0.6189903846153846 0.7584134615384616 0.057692307692307696 0.09375
0 0.6875 0.8377403846153846 0.057692307692307696 0.09014423076923077
0 0.7548076923076923 0.9230769230769231 0.07692307692307693 0.109375