0 0.6742788461538461 0.9495192307692307 0.06971153846153846 0.09254807692307693
0 0.6574519230769231 0.2860576923076923 0.020432692307692308 0.02403846153846154
1 0.43028846153846156 0.29447115384615385 0.021634615384615384 0.026442307692307692
1 0.41346153846153844 0.30288461538461536 0.021634615384615384 0.025240384615384616
0 0.6983173076923077 0.30408653846153844 0.02403846153846154 0.027644230769230768
1 0.38100961538461536 0.3088942307692308 0.016826923076923076 0.027644230769230768
1 0.3449519230769231 0.3137019230769231 0.019230769230769232 0.03245192307692308
0 0.7403846153846154 0.32211538461538464 0.02283653846153846 0.026442307692307692
1 0.265625 0.3233173076923077 0.02403846153846154 0.030048076923076924
1 0.17668269230769232 0.3389423076923077 0.02403846153846154 0.030048076923076924
0 0.7475961538461539 0.3401442307692308 0.027644230769230768 0.027644230769230768
0 0.7211538461538461 0.3449519230769231 0.02283653846153846 0.030048076923076924
0 0.6862980769230769 0.35336538461538464 0.021634615384615384 0.03125
1 0.078125 0.3545673076923077 0.02283653846153846 0.040865384615384616
0 0.6490384615384616 0.359375 0.020432692307692308 0.030048076923076924
0 0.5673076923076923 0.36778846153846156 0.021634615384615384 0.03245192307692308
0 0.4807692307692308 0.37740384615384615 0.025240384615384616 0.04567307692307692
0 0.3858173076923077 0.390625 0.026442307692307692 0.04326923076923077
0 0.2860576923076923 0.4098557692307692 0.030048076923076924 0.042067307692307696
0 0.17307692307692307 0.43509615384615385 0.038461538461538464 0.05048076923076923
0 0.11057692307692307 0.44711538461538464 0.03365384615384615 0.042067307692307696
0 0.05048076923076923 0.4639423076923077 0.03485576923076923 0.04567307692307692
0 0.03485576923076923 0.49399038461538464 0.03365384615384615 0.05048076923076923
0 0.07692307692307693 0.5108173076923077 0.036057692307692304 0.054086538461538464
0 0.1201923076923077 0.5300480769230769 0.036057692307692304 0.055288461538461536
0 0.18389423076923078 0.546875 0.038461538461538464 0.054086538461538464
0 0.24759615384615385 0.5661057692307693 0.04326923076923077 0.06610576923076923
0 0.3088942307692308 0.5889423076923077 0.03245192307692308 0.05048076923076923
0 0.36778846153846156 0.625 0.040865384615384616 0.05889423076923077
0 0.421875 0.6742788461538461 0.038461538461538464 0.06610576923076923
0 0.4735576923076923 0.7175480769230769 0.04447115384615385 0.0829326923076923
0 0.5336538461538461 0.7932692307692307 0.055288461538461536 0.0733173076923077
0 0.6033653846153846 0.8677884615384616 0.05889423076923077 0.0829326923076923