0 0.6634615384615384 0.9519230769230769 0.06129807692307692 0.09495192307692307
1 0.41466346153846156 0.28365384615384615 0.02283653846153846 0.025240384615384616
0 0.6442307692307693 0.29086538461538464 0.015625 0.025240384615384616
1 0.41947115384615385 0.29927884615384615 0.016826923076923076 0.021634615384615384
0 0.6850961538461539 0.30649038461538464 0.019230769230769232 0.026442307692307692
1 0.4014423076923077 0.3076923076923077 0.015625 0.026442307692307692
1 0.36778846153846156 0.3125 0.020432692307692308 0.030048076923076924
1 0.3317307692307692 0.31850961538461536 0.02283653846153846 0.027644230769230768
0 0.7271634615384616 0.32572115384615385 0.019230769230769232 0.028846153846153848
1 0.25240384615384615 0.328125 0.02283653846153846 0.03485576923076923
1 0.1622596153846154 0.34134615384615385 0.025240384615384616 0.030048076923076924
0 0.7367788461538461 0.34615384615384615 0.02403846153846154 0.028846153846153848
0 0.7091346153846154 0.35096153846153844 0.019230769230769232 0.03245192307692308
0 0.6742788461538461 0.3557692307692308 0.021634615384615384 0.028846153846153848
1 0.06129807692307692 0.35697115384615385 0.021634615384615384 0.03125
0 0.6358173076923077 0.36177884615384615 0.021634615384615384 0.027644230769230768
0 0.5528846153846154 0.3737980769230769 0.020432692307692308 0.042067307692307696
0 0.46875 0.3870192307692308 0.019230769230769232 0.046875
0 0.3737980769230769 0.3942307692307692 0.025240384615384616 0.038461538461538464
0 0.27403846153846156 0.41586538461538464 0.028846153846153848 0.039663461538461536
0 0.15985576923076922 0.4411057692307692 0.03245192307692308 0.04807692307692308
0 0.0985576923076923 0.44711538461538464 0.027644230769230768 0.05048076923076923
0 0.038461538461538464 0.4675480769230769 0.03485576923076923 0.04927884615384615
0 0.020432692307692308 0.5048076923076923 0.040865384615384616 0.052884615384615384
0 0.06370192307692307 0.5204326923076923 0.03365384615384615 0.046875
0 0.1045673076923077 0.5384615384615384 0.03125 0.046875
0 0.16826923076923078 0.5600961538461539 0.042067307692307696 0.06009615384615385
0 0.23317307692307693 0.5721153846153846 0.04567307692307692 0.05889423076923077
0 0.29447115384615385 0.5961538461538461 0.038461538461538464 0.0625
0 0.35216346153846156 0.6382211538461539 0.040865384615384616 0.06009615384615385
0 0.40625 0.6838942307692307 0.04447115384615385 0.07091346153846154
0 0.46153846153846156 0.7319711538461539 0.04326923076923077 0.0625
0 0.5228365384615384 0.8016826923076923 0.04807692307692308 0.08533653846153846
0 0.5913461538461539 0.875 0.05889423076923077 0.0985576923076923