0 0.6418269230769231 0.9603365384615384 0.0625 0.078125
1 0.39903846153846156 0.296875 0.02403846153846154 0.027644230769230768
0 0.6274038461538461 0.30408653846153844 0.019230769230769232 0.027644230769230768
1 0.4014423076923077 0.3161057692307692 0.020432692307692308 0.026442307692307692
0 0.6682692307692307 0.32091346153846156 0.016826923076923076 0.027644230769230768
1 0.3858173076923077 0.32211538461538464 0.018028846153846152 0.036057692307692304
1 0.35216346153846156 0.328125 0.019230769230769232 0.037259615384615384
1 0.31490384615384615 0.3329326923076923 0.018028846153846152 0.03365384615384615
0 0.7103365384615384 0.3389423076923077 0.018028846153846152 0.026442307692307692
1 0.23317307692307693 0.3425480769230769 0.019230769230769232 0.03245192307692308
0 0.7175480769230769 0.359375 0.026442307692307692 0.030048076923076924
1 0.14302884615384615 0.359375 0.025240384615384616 0.03485576923076923
0 0.6911057692307693 0.36538461538461536 0.021634615384615384 0.03485576923076923
0 0.6574519230769231 0.3737980769230769 0.02403846153846154 0.03485576923076923
1 0.042067307692307696 0.3762019230769231 0.027644230769230768 0.039663461538461536
0 0.6189903846153846 0.37740384615384615 0.02403846153846154 0.03485576923076923
0 0.5372596153846154 0.3870192307692308 0.02403846153846154 0.036057692307692304
0 0.453125 0.4014423076923077 0.027644230769230768 0.03485576923076923
0 0.35697115384615385 0.41346153846153844 0.026442307692307692 0.04326923076923077
0 0.2548076923076923 0.43149038461538464 0.037259615384615384 0.038461538461538464
0 0.13942307692307693 0.453125 0.042067307692307696 0.051682692307692304
0 0.07572115384615384 0.4723557692307692 0.03125 0.055288461538461536
0 0.016826923076923076 0.48677884615384615 0.03245192307692308 0.054086538461538464
0 0.008413461538461538 0.5192307692307693 0.016826923076923076 0.04447115384615385
0 0.039663461538461536 0.5432692307692307 0.038461538461538464 0.05889423076923077
0 0.08413461538461539 0.5480769230769231 0.038461538461538464 0.057692307692307696
0 0.1502403846153846 0.5745192307692307 0.039663461538461536 0.05889423076923077
0 0.21514423076923078 0.5901442307692307 0.04807692307692308 0.06129807692307692
0 0.2776442307692308 0.6153846153846154 0.04807692307692308 0.06370192307692307
0 0.33653846153846156 0.6454326923076923 0.046875 0.06490384615384616
0 0.38822115384615385 0.6935096153846154 0.046875 0.07091346153846154
0 0.4423076923076923 0.75 0.056490384615384616 0.08653846153846154
0 0.5036057692307693 0.8125 0.05048076923076923 0.08774038461538461
0 0.5721153846153846 0.890625 0.056490384615384616 0.08774038461538461