0 0.546875 0.9723557692307693 0.046875 0.052884615384615384
0 0.5336538461538461 0.35697115384615385 0.013221153846153846 0.018028846153846152
0 0.5612980769230769 0.3701923076923077 0.013221153846153846 0.019230769230769232
0 0.5961538461538461 0.3870192307692308 0.013221153846153846 0.018028846153846152
0 0.6346153846153846 0.40024038461538464 0.010817307692307692 0.019230769230769232
1 0.35336538461538464 0.4074519230769231 0.015625 0.021634615384615384
1 0.31850961538461536 0.4170673076923077 0.015625 0.026442307692307692
1 0.2824519230769231 0.421875 0.015625 0.02403846153846154
0 0.6790865384615384 0.43028846153846156 0.016826923076923076 0.030048076923076924
1 0.20072115384615385 0.43509615384615385 0.015625 0.026442307692307692
0 0.6598557692307693 0.44591346153846156 0.016826923076923076 0.02403846153846154
0 0.625 0.4519230769230769 0.015625 0.021634615384615384
1 0.11057692307692307 0.453125 0.015625 0.026442307692307692
0 0.5877403846153846 0.4579326923076923 0.018028846153846152 0.02403846153846154
1 0.009615384615384616 0.4675480769230769 0.018028846153846152 0.030048076923076924
0 0.5072115384615384 0.46875 0.018028846153846152 0.026442307692307692
0 0.4230769230769231 0.4855769230769231 0.015625 0.027644230769230768
0 0.328125 0.4963942307692308 0.019230769230769232 0.026442307692307692
0 0.2247596153846154 0.5204326923076923 0.020432692307692308 0.02403846153846154
0 0.10336538461538461 0.546875 0.027644230769230768 0.03485576923076923
0 0.038461538461538464 0.5649038461538461 0.02403846153846154 0.039663461538461536
0 0.01201923076923077 0.6358173076923077 0.02403846153846154 0.046875
0 0.046875 0.6490384615384616 0.030048076923076924 0.03485576923076923
0 0.11538461538461539 0.6622596153846154 0.03245192307692308 0.030048076923076924
0 0.18269230769230768 0.6826923076923077 0.03125 0.039663461538461536
0 0.24639423076923078 0.7079326923076923 0.030048076923076924 0.042067307692307696
0 0.30528846153846156 0.7415865384615384 0.036057692307692304 0.046875
0 0.359375 0.7944711538461539 0.03485576923076923 0.05889423076923077
0 0.41586538461538464 0.8485576923076923 0.042067307692307696 0.06490384615384616
0 0.47836538461538464 0.9158653846153846 0.04326923076923077 0.07451923076923077