0 0.4495192307692308 0.9519230769230769 0.05048076923076923 0.07451923076923077
1 0.7175480769230769 0.3233173076923077 0.009615384615384616 0.014423076923076924
1 0.6838942307692307 0.3233173076923077 0.010817307692307692 0.01201923076923077
1 0.7548076923076923 0.32572115384615385 0.009615384615384616 0.013221153846153846
1 0.6514423076923077 0.3269230769230769 0.010817307692307692 0.014423076923076924
1 0.6165865384615384 0.328125 0.008413461538461538 0.014423076923076924
1 0.5829326923076923 0.3317307692307692 0.009615384615384616 0.014423076923076924
1 0.5456730769230769 0.3329326923076923 0.009615384615384616 0.015625
1 0.4675480769230769 0.33533653846153844 0.01201923076923077 0.015625
1 0.5072115384615384 0.33533653846153844 0.008413461538461538 0.015625
1 0.4074519230769231 0.3389423076923077 0.01201923076923077 0.015625
1 0.4266826923076923 0.3389423076923077 0.01201923076923077 0.018028846153846152
1 0.38822115384615385 0.3401442307692308 0.01201923076923077 0.016826923076923076
1 0.37259615384615385 0.3425480769230769 0.01201923076923077 0.016826923076923076
0 0.8149038461538461 0.34375 0.009615384615384616 0.016826923076923076
0 0.7716346153846154 0.3473557692307692 0.01201923076923077 0.015625
0 0.7355769230769231 0.3473557692307692 0.01201923076923077 0.016826923076923076
1 0.3581730769230769 0.3473557692307692 0.01201923076923077 0.016826923076923076
0 0.7007211538461539 0.3485576923076923 0.01201923076923077 0.019230769230769232
0 0.6598557692307693 0.35096153846153844 0.01201923076923077 0.015625
1 0.3449519230769231 0.35096153846153844 0.010817307692307692 0.015625
0 0.6213942307692307 0.35336538461538464 0.009615384615384616 0.021634615384615384
0 0.5793269230769231 0.35697115384615385 0.014423076923076924 0.020432692307692308
0 0.5144230769230769 0.3581730769230769 0.01201923076923077 0.018028846153846152
0 0.5384615384615384 0.359375 0.01201923076923077 0.019230769230769232
0 0.4951923076923077 0.3629807692307692 0.010817307692307692 0.018028846153846152
0 0.47836538461538464 0.3641826923076923 0.010817307692307692 0.015625
1 0.33653846153846156 0.36778846153846156 0.009615384615384616 0.018028846153846152
0 0.47475961538461536 0.3737980769230769 0.01201923076923077 0.018028846153846152
0 0.4795673076923077 0.3786057692307692 0.010817307692307692 0.015625
1 0.33533653846153844 0.38100961538461536 0.013221153846153846 0.018028846153846152
0 0.484375 0.38221153846153844 0.008413461538461538 0.018028846153846152
0 0.49399038461538464 0.3894230769230769 0.01201923076923077 0.019230769230769232
1 0.33533653846153844 0.3918269230769231 0.01201923076923077 0.018028846153846152
0 0.5048076923076923 0.3942307692307692 0.01201923076923077 0.02403846153846154
0 0.5324519230769231 0.4050480769230769 0.016826923076923076 0.021634615384615384
1 0.33653846153846156 0.4074519230769231 0.016826923076923076 0.019230769230769232
0 0.5661057692307693 0.42427884615384615 0.015625 0.021634615384615384
1 0.3401442307692308 0.4266826923076923 0.015625 0.021634615384615384
1 0.3389423076923077 0.4362980769230769 0.018028846153846152 0.02403846153846154
0 0.6057692307692307 0.4387019230769231 0.016826923076923076 0.025240384615384616
1 0.3233173076923077 0.44591346153846156 0.015625 0.02403846153846154
1 0.28846153846153844 0.453125 0.020432692307692308 0.03125
0 0.6454326923076923 0.4579326923076923 0.016826923076923076 0.027644230769230768
1 0.25 0.46033653846153844 0.021634615384615384 0.026442307692307692
0 0.6526442307692307 0.4735576923076923 0.018028846153846152 0.027644230769230768
1 0.1658653846153846 0.4735576923076923 0.02283653846153846 0.030048076923076924
0 0.6298076923076923 0.4795673076923077 0.018028846153846152 0.025240384615384616
0 0.5949519230769231 0.4879807692307692 0.020432692307692308 0.027644230769230768
1 0.07211538461538461 0.49278846153846156 0.02403846153846154 0.03245192307692308
0 0.5588942307692307 0.49399038461538464 0.016826923076923076 0.026442307692307692
0 0.4795673076923077 0.5060096153846154 0.02403846153846154 0.030048076923076924
0 0.390625 0.5252403846153846 0.02283653846153846 0.038461538461538464
0 0.2932692307692308 0.5408653846153846 0.02403846153846154 0.03245192307692308
0 0.18990384615384615 0.5625 0.026442307692307692 0.03485576923076923
0 0.0673076923076923 0.5949519230769231 0.03365384615384615 0.05048076923076923
0 0.07692307692307693 0.7211538461538461 0.04326923076923077 0.06009615384615385
0 0.1466346153846154 0.7331730769230769 0.040865384615384616 0.0625
0 0.21153846153846154 0.7560096153846154 0.039663461538461536 0.06129807692307692
0 0.27163461538461536 0.7908653846153846 0.040865384615384616 0.06610576923076923
0 0.328125 0.8377403846153846 0.04567307692307692 0.06971153846153846
0 0.3858173076923077 0.8894230769230769 0.04807692307692308 0.07091346153846154