0 0.4230769230769231 0.9567307692307693 0.04567307692307692 0.0733173076923077
1 0.44350961538461536 0.34134615384615385 0.009615384615384616 0.013221153846153846
1 0.4014423076923077 0.3425480769230769 0.010817307692307692 0.01201923076923077
1 0.38341346153846156 0.3449519230769231 0.009615384615384616 0.01201923076923077
1 0.3629807692307692 0.3473557692307692 0.01201923076923077 0.018028846153846152
1 0.3485576923076923 0.34975961538461536 0.01201923076923077 0.015625
1 0.33413461538461536 0.35336538461538464 0.010817307692307692 0.014423076923076924
1 0.31971153846153844 0.35697115384615385 0.008413461538461538 0.014423076923076924
1 0.3112980769230769 0.3737980769230769 0.009615384615384616 0.014423076923076924
1 0.3088942307692308 0.3858173076923077 0.010817307692307692 0.016826923076923076
0 0.45913461538461536 0.3870192307692308 0.008413461538461538 0.013221153846153846
0 0.46875 0.3942307692307692 0.009615384615384616 0.014423076923076924
1 0.3088942307692308 0.39903846153846156 0.01201923076923077 0.018028846153846152
0 0.4795673076923077 0.40024038461538464 0.009615384615384616 0.014423076923076924
0 0.5072115384615384 0.4098557692307692 0.01201923076923077 0.014423076923076924
1 0.3088942307692308 0.41586538461538464 0.01201923076923077 0.018028846153846152
0 0.5420673076923077 0.4266826923076923 0.014423076923076924 0.015625
1 0.3125 0.42908653846153844 0.01201923076923077 0.016826923076923076
1 0.31490384615384615 0.4411057692307692 0.014423076923076924 0.02283653846153846
0 0.5817307692307693 0.4423076923076923 0.014423076923076924 0.021634615384615384
1 0.2980769230769231 0.4519230769230769 0.015625 0.019230769230769232
1 0.26322115384615385 0.4567307692307692 0.020432692307692308 0.02283653846153846
0 0.6213942307692307 0.4639423076923077 0.014423076923076924 0.02283653846153846
1 0.22355769230769232 0.46634615384615385 0.019230769230769232 0.02283653846153846
0 0.6286057692307693 0.47596153846153844 0.018028846153846152 0.025240384615384616
1 0.13942307692307693 0.4795673076923077 0.019230769230769232 0.021634615384615384
0 0.6057692307692307 0.484375 0.018028846153846152 0.025240384615384616
0 0.5721153846153846 0.49278846153846156 0.019230769230769232 0.02403846153846154
0 0.5348557692307693 0.49759615384615385 0.019230769230769232 0.021634615384615384
1 0.040865384615384616 0.49759615384615385 0.021634615384615384 0.026442307692307692
0 0.4543269230769231 0.5120192307692307 0.018028846153846152 0.025240384615384616
0 0.36778846153846156 0.5276442307692307 0.020432692307692308 0.026442307692307692
0 0.26802884615384615 0.5444711538461539 0.02283653846153846 0.03125
0 0.16105769230769232 0.5721153846153846 0.028846153846153848 0.030048076923076924
0 0.036057692307692304 0.6057692307692307 0.027644230769230768 0.037259615384615384
0 0.046875 0.7295673076923077 0.038461538461538464 0.05048076923076923
0 0.11778846153846154 0.7427884615384616 0.039663461538461536 0.051682692307692304
0 0.18509615384615385 0.7644230769230769 0.037259615384615384 0.051682692307692304
0 0.24639423076923078 0.7980769230769231 0.038461538461538464 0.056490384615384616
0 0.30288461538461536 0.84375 0.042067307692307696 0.06009615384615385
0 0.3605769230769231 0.8966346153846154 0.04567307692307692 0.06370192307692307