0 0.4014423076923077 0.9615384615384616 0.055288461538461536 0.07451923076923077
1 0.6358173076923077 0.33052884615384615 0.008413461538461538 0.009615384615384616
1 0.6682692307692307 0.33052884615384615 0.008413461538461538 0.008413461538461538
1 0.703125 0.33052884615384615 0.008413461538461538 0.008413461538461538
1 0.6033653846153846 0.3329326923076923 0.008413461538461538 0.010817307692307692
1 0.5697115384615384 0.33533653846153844 0.009615384615384616 0.010817307692307692
1 0.5360576923076923 0.33774038461538464 0.008413461538461538 0.01201923076923077
1 0.4987980769230769 0.3389423076923077 0.008413461538461538 0.010817307692307692
1 0.46033653846153844 0.3401442307692308 0.009615384615384616 0.01201923076923077
1 0.421875 0.34375 0.009615384615384616 0.010817307692307692
1 0.359375 0.3449519230769231 0.010817307692307692 0.010817307692307692
0 0.7620192307692307 0.34615384615384615 0.008413461538461538 0.008413461538461538
1 0.3786057692307692 0.34615384615384615 0.009615384615384616 0.01201923076923077
1 0.3401442307692308 0.3485576923076923 0.010817307692307692 0.010817307692307692
0 0.7211538461538461 0.3485576923076923 0.010817307692307692 0.010817307692307692
0 0.6862980769230769 0.34975961538461536 0.009615384615384616 0.010817307692307692
0 0.6526442307692307 0.35096153846153844 0.010817307692307692 0.01201923076923077
1 0.3245192307692308 0.35216346153846156 0.010817307692307692 0.013221153846153846
0 0.6117788461538461 0.35336538461538464 0.009615384615384616 0.01201923076923077
1 0.31009615384615385 0.35336538461538464 0.01201923076923077 0.01201923076923077
0 0.5733173076923077 0.35697115384615385 0.010817307692307692 0.010817307692307692
1 0.296875 0.359375 0.009615384615384616 0.014423076923076924
0 0.5324519230769231 0.3605769230769231 0.009615384615384616 0.010817307692307692
0 0.49038461538461536 0.3641826923076923 0.01201923076923077 0.010817307692307692
0 0.46875 0.3641826923076923 0.010817307692307692 0.01201923076923077
1 0.28966346153846156 0.36538461538461536 0.01201923076923077 0.016826923076923076
0 0.4495192307692308 0.36538461538461536 0.010817307692307692 0.010817307692307692
1 0.28846153846153844 0.36899038461538464 0.010817307692307692 0.01201923076923077
0 0.43149038461538464 0.3701923076923077 0.010817307692307692 0.01201923076923077
1 0.28725961538461536 0.3762019230769231 0.010817307692307692 0.010817307692307692
0 0.42788461538461536 0.37740384615384615 0.010817307692307692 0.013221153846153846
0 0.43149038461538464 0.38341346153846156 0.009615384615384616 0.01201923076923077
1 0.2848557692307692 0.3858173076923077 0.014423076923076924 0.013221153846153846
0 0.4375 0.3870192307692308 0.009615384615384616 0.014423076923076924
0 0.44711538461538464 0.3942307692307692 0.01201923076923077 0.010817307692307692
0 0.4579326923076923 0.39903846153846156 0.013221153846153846 0.014423076923076924
1 0.2860576923076923 0.40024038461538464 0.013221153846153846 0.014423076923076924
0 0.484375 0.4110576923076923 0.015625 0.018028846153846152
1 0.2860576923076923 0.4170673076923077 0.014423076923076924 0.014423076923076924
0 0.5180288461538461 0.4254807692307692 0.015625 0.014423076923076924
1 0.28846153846153844 0.4326923076923077 0.013221153846153846 0.019230769230769232
1 0.29086538461538464 0.44350961538461536 0.014423076923076924 0.018028846153846152
0 0.5588942307692307 0.44471153846153844 0.015625 0.021634615384615384
1 0.27403846153846156 0.453125 0.014423076923076924 0.018028846153846152
1 0.23798076923076922 0.46033653846153844 0.021634615384615384 0.02403846153846154
0 0.5985576923076923 0.46274038461538464 0.016826923076923076 0.020432692307692308
1 0.19951923076923078 0.4675480769230769 0.019230769230769232 0.018028846153846152
0 0.6057692307692307 0.47475961538461536 0.018028846153846152 0.021634615384615384
0 0.5829326923076923 0.48197115384615385 0.016826923076923076 0.021634615384615384
1 0.11177884615384616 0.484375 0.02283653846153846 0.02283653846153846
0 0.5492788461538461 0.49278846153846156 0.020432692307692308 0.021634615384615384
0 0.5120192307692307 0.4987980769230769 0.019230769230769232 0.021634615384615384
1 0.013221153846153846 0.5048076923076923 0.02283653846153846 0.02403846153846154
0 0.4326923076923077 0.5120192307692307 0.018028846153846152 0.02283653846153846
0 0.3425480769230769 0.53125 0.02403846153846154 0.026442307692307692
0 0.2439903846153846 0.5492788461538461 0.027644230769230768 0.03245192307692308
0 0.1346153846153846 0.5757211538461539 0.027644230769230768 0.03245192307692308
0 0.01201923076923077 0.6105769230769231 0.02403846153846154 0.03485576923076923
0 0.020432692307692308 0.7367788461538461 0.040865384615384616 0.04927884615384615
0 0.09134615384615384 0.7475961538461539 0.038461538461538464 0.05048076923076923
0 0.15985576923076922 0.7680288461538461 0.04326923076923077 0.04927884615384615
0 0.22235576923076922 0.8028846153846154 0.039663461538461536 0.055288461538461536
0 0.27884615384615385 0.8449519230769231 0.040865384615384616 0.051682692307692304
0 0.33774038461538464 0.9014423076923077 0.046875 0.0625