0 0.14423076923076922 0.31490384615384615 0.015625 0.025240384615384616
0 0.10576923076923077 0.3329326923076923 0.027644230769230768 0.040865384615384616
0 0.06370192307692307 0.36177884615384615 0.02283653846153846 0.038461538461538464
0 0.5649038461538461 0.36899038461538464 0.02403846153846154 0.04326923076923077
0 0.6045673076923077 0.3713942307692308 0.020432692307692308 0.04567307692307692
0 0.5180288461538461 0.375 0.019230769230769232 0.052884615384615384
0 0.46875 0.37740384615384615 0.020432692307692308 0.040865384615384616
0 0.41466346153846156 0.38221153846153844 0.030048076923076924 0.03365384615384615
0 0.3641826923076923 0.38341346153846156 0.019230769230769232 0.04326923076923077
0 0.3137019230769231 0.3918269230769231 0.025240384615384616 0.038461538461538464
0 0.25961538461538464 0.39663461538461536 0.027644230769230768 0.040865384615384616
0 0.014423076923076924 0.4050480769230769 0.020432692307692308 0.040865384615384616
0 0.20432692307692307 0.4074519230769231 0.027644230769230768 0.04567307692307692
0 0.140625 0.43028846153846156 0.025240384615384616 0.04567307692307692
0 0.08413461538461539 0.4326923076923077 0.03125 0.06850961538461539
0 0.016826923076923076 0.4495192307692308 0.03365384615384615 0.051682692307692304
1 0.7079326923076923 0.4987980769230769 0.028846153846153848 0.052884615384615384
1 0.5697115384615384 0.5012019230769231 0.03485576923076923 0.04807692307692308
1 0.43028846153846156 0.5036057692307693 0.027644230769230768 0.052884615384615384
1 0.36177884615384615 0.5180288461538461 0.027644230769230768 0.04567307692307692
1 0.2848557692307692 0.5276442307692307 0.030048076923076924 0.0625
1 0.21033653846153846 0.5576923076923077 0.030048076923076924 0.06850961538461539
1 0.12620192307692307 0.5829326923076923 0.037259615384615384 0.05889423076923077
1 0.037259615384615384 0.609375 0.040865384615384616 0.06129807692307692