0 0.2283653846153846 0.2932692307692308 0.019230769230769232 0.03125
0 0.19230769230769232 0.31850961538461536 0.019230769230769232 0.03125
0 0.1502403846153846 0.3389423076923077 0.027644230769230768 0.04807692307692308
0 0.109375 0.36899038461538464 0.02283653846153846 0.04326923076923077
0 0.6033653846153846 0.3713942307692308 0.020432692307692308 0.03485576923076923
0 0.6442307692307693 0.3713942307692308 0.019230769230769232 0.04326923076923077
0 0.5540865384615384 0.37259615384615385 0.021634615384615384 0.038461538461538464
0 0.5036057692307693 0.3762019230769231 0.021634615384615384 0.038461538461538464
0 0.45552884615384615 0.3786057692307692 0.016826923076923076 0.040865384615384616
0 0.40384615384615385 0.38461538461538464 0.018028846153846152 0.030048076923076924
0 0.3545673076923077 0.38822115384615385 0.02403846153846154 0.036057692307692304
0 0.3004807692307692 0.3954326923076923 0.025240384615384616 0.036057692307692304
0 0.06370192307692307 0.39903846153846156 0.02403846153846154 0.052884615384615384
0 0.24879807692307693 0.41586538461538464 0.025240384615384616 0.052884615384615384
0 0.040865384615384616 0.4206730769230769 0.027644230769230768 0.05048076923076923
0 0.1814903846153846 0.4230769230769231 0.021634615384615384 0.036057692307692304
0 0.12980769230769232 0.4338942307692308 0.02403846153846154 0.052884615384615384
0 0.026442307692307692 0.4423076923076923 0.025240384615384616 0.04807692307692308
0 0.06610576923076923 0.44591346153846156 0.027644230769230768 0.054086538461538464
1 0.7536057692307693 0.4987980769230769 0.03485576923076923 0.05889423076923077
1 0.6129807692307693 0.5012019230769231 0.028846153846153848 0.057692307692307696
1 0.4723557692307692 0.5060096153846154 0.027644230769230768 0.04807692307692308
1 0.39783653846153844 0.5216346153846154 0.030048076923076924 0.052884615384615384
1 0.328125 0.5240384615384616 0.027644230769230768 0.057692307692307696
1 0.2548076923076923 0.5420673076923077 0.03245192307692308 0.0625
1 0.171875 0.5709134615384616 0.04326923076923077 0.06850961538461539
1 0.08774038461538461 0.5985576923076923 0.04807692307692308 0.08653846153846154