0 0.3112980769230769 0.29086538461538464 0.020432692307692308 0.03485576923076923
1 0.1045673076923077 0.296875 0.019230769230769232 0.038461538461538464
1 0.08774038461538461 0.3112980769230769 0.014423076923076924 0.038461538461538464
0 0.2776442307692308 0.3112980769230769 0.02283653846153846 0.04567307692307692
1 0.06490384615384616 0.3161057692307692 0.020432692307692308 0.038461538461538464
0 0.234375 0.33052884615384615 0.019230769230769232 0.036057692307692304
1 0.018028846153846152 0.35096153846153844 0.027644230769230768 0.04567307692307692
0 0.19951923076923078 0.3605769230769231 0.025240384615384616 0.05048076923076923
0 0.6814903846153846 0.37259615384615385 0.027644230769230768 0.04807692307692308
0 0.7175480769230769 0.3737980769230769 0.02283653846153846 0.04326923076923077
0 0.6274038461538461 0.375 0.025240384615384616 0.042067307692307696
0 0.578125 0.3762019230769231 0.019230769230769232 0.036057692307692304
0 0.47836538461538464 0.3786057692307692 0.021634615384615384 0.040865384615384616
0 0.5288461538461539 0.38100961538461536 0.02283653846153846 0.036057692307692304
0 0.42908653846153844 0.38341346153846156 0.02403846153846154 0.04326923076923077
0 0.15144230769230768 0.3894230769230769 0.020432692307692308 0.03485576923076923
0 0.3786057692307692 0.3918269230769231 0.021634615384615384 0.038461538461538464
0 0.3293269230769231 0.39903846153846156 0.02403846153846154 0.036057692307692304
0 0.26802884615384615 0.41586538461538464 0.021634615384615384 0.040865384615384616
0 0.21875 0.4266826923076923 0.030048076923076924 0.04326923076923077
0 0.15625 0.43149038461538464 0.025240384615384616 0.04567307692307692
0 0.12139423076923077 0.4338942307692308 0.02283653846153846 0.04326923076923077
1 0.6899038461538461 0.4963942307692308 0.03125 0.054086538461538464
1 0.8377403846153846 0.49759615384615385 0.028846153846153848 0.05048076923076923
1 0.5480769230769231 0.5036057692307693 0.027644230769230768 0.06370192307692307
1 0.47475961538461536 0.5168269230769231 0.021634615384615384 0.04326923076923077
1 0.4026442307692308 0.5204326923076923 0.030048076923076924 0.04567307692307692
1 0.33413461538461536 0.5420673076923077 0.03125 0.04807692307692308
1 0.25961538461538464 0.5769230769230769 0.03365384615384615 0.06610576923076923
1 0.1778846153846154 0.5889423076923077 0.036057692307692304 0.054086538461538464
1 0.0829326923076923 0.6069711538461539 0.04326923076923077 0.07451923076923077