1 0.19951923076923078 0.30649038461538464 0.016826923076923076 0.038461538461538464
0 0.3918269230769231 0.30649038461538464 0.02283653846153846 0.036057692307692304
1 0.15745192307692307 0.32572115384615385 0.02403846153846154 0.05048076923076923
0 0.3557692307692308 0.3269230769230769 0.027644230769230768 0.038461538461538464
0 0.31850961538461536 0.3449519230769231 0.020432692307692308 0.030048076923076924
1 0.10336538461538461 0.3485576923076923 0.019230769230769232 0.036057692307692304
0 0.6454326923076923 0.36899038461538464 0.02403846153846154 0.04326923076923077
0 0.2800480769230769 0.3713942307692308 0.02283653846153846 0.036057692307692304
0 0.8521634615384616 0.37259615384615385 0.025240384615384616 0.040865384615384616
0 0.6971153846153846 0.3737980769230769 0.026442307692307692 0.040865384615384616
0 0.7487980769230769 0.3737980769230769 0.03125 0.05048076923076923
0 0.5420673076923077 0.375 0.021634615384615384 0.04807692307692308
0 0.8064903846153846 0.3762019230769231 0.021634615384615384 0.04567307692307692
1 0.039663461538461536 0.3762019230769231 0.019230769230769232 0.036057692307692304
0 0.59375 0.3786057692307692 0.019230769230769232 0.05889423076923077
0 0.4891826923076923 0.38221153846153844 0.027644230769230768 0.057692307692307696
0 0.2620192307692308 0.39302884615384615 0.021634615384615384 0.04567307692307692
0 0.4423076923076923 0.3954326923076923 0.03245192307692308 0.036057692307692304
0 0.38341346153846156 0.40024038461538464 0.020432692307692308 0.05048076923076923
0 0.24639423076923078 0.40865384615384615 0.021634615384615384 0.038461538461538464
0 0.3389423076923077 0.4098557692307692 0.025240384615384616 0.05048076923076923
0 0.2824519230769231 0.4182692307692308 0.027644230769230768 0.04567307692307692
1 0.6622596153846154 0.5072115384615384 0.028846153846153848 0.07572115384615384
1 0.5889423076923077 0.5084134615384616 0.028846153846153848 0.078125
1 0.8185096153846154 0.5120192307692307 0.026442307692307692 0.057692307692307696
1 0.5228365384615384 0.5132211538461539 0.03365384615384615 0.06850961538461539
1 0.9759615384615384 0.5144230769230769 0.027644230769230768 0.07572115384615384
1 0.4495192307692308 0.53125 0.03245192307692308 0.0625
1 0.3762019230769231 0.5432692307692307 0.030048076923076924 0.06370192307692307
1 0.30528846153846156 0.5685096153846154 0.03365384615384615 0.0625
1 0.21754807692307693 0.5733173076923077 0.037259615384615384 0.06370192307692307
1 0.13221153846153846 0.578125 0.039663461538461536 0.0733173076923077
1 0.04447115384615385 0.5889423076923077 0.03485576923076923 0.07091346153846154