0 0.5408653846153846 0.2980769230769231 0.010817307692307692 0.026442307692307692
1 0.31971153846153844 0.30408653846153844 0.02283653846153846 0.038461538461538464
0 0.5060096153846154 0.3088942307692308 0.015625 0.025240384615384616
1 0.27163461538461536 0.3233173076923077 0.015625 0.03125
0 0.4699519230769231 0.33653846153846156 0.020432692307692308 0.03125
1 0.21514423076923078 0.3485576923076923 0.020432692307692308 0.03125
0 0.4338942307692308 0.3557692307692308 0.019230769230769232 0.026442307692307692
0 0.41466346153846156 0.36899038461538464 0.025240384615384616 0.040865384615384616
1 0.15264423076923078 0.3713942307692308 0.027644230769230768 0.04326923076923077
0 0.6971153846153846 0.3737980769230769 0.020432692307692308 0.040865384615384616
0 0.7512019230769231 0.375 0.021634615384615384 0.04326923076923077
0 0.6430288461538461 0.37740384615384615 0.025240384615384616 0.040865384615384616
0 0.5949519230769231 0.38822115384615385 0.02283653846153846 0.05889423076923077
0 0.8052884615384616 0.38822115384615385 0.025240384615384616 0.04567307692307692
0 0.8677884615384616 0.390625 0.02403846153846154 0.05048076923076923
1 0.11538461538461539 0.390625 0.027644230769230768 0.05048076923076923
0 0.9266826923076923 0.3918269230769231 0.02403846153846154 0.038461538461538464
0 0.40625 0.3918269230769231 0.027644230769230768 0.04326923076923077
0 0.5324519230769231 0.39663461538461536 0.026442307692307692 0.04326923076923077
0 0.4362980769230769 0.39663461538461536 0.021634615384615384 0.03485576923076923
0 0.9879807692307693 0.40024038461538464 0.02283653846153846 0.055288461538461536
0 0.49278846153846156 0.39903846153846156 0.020432692307692308 0.04567307692307692
1 0.0985576923076923 0.4074519230769231 0.02283653846153846 0.04567307692307692
1 0.078125 0.42788461538461536 0.02403846153846154 0.026442307692307692
1 0.06370192307692307 0.4483173076923077 0.025240384615384616 0.040865384615384616
1 0.06009615384615385 0.4735576923076923 0.02403846153846154 0.040865384615384616
1 0.07932692307692307 0.4987980769230769 0.03365384615384615 0.052884615384615384
1 0.11658653846153846 0.5108173076923077 0.03365384615384615 0.04567307692307692
1 0.671875 0.5192307692307693 0.036057692307692304 0.057692307692307696
1 0.7475961538461539 0.5204326923076923 0.027644230769230768 0.040865384615384616
1 0.828125 0.5240384615384616 0.038461538461538464 0.054086538461538464
1 0.5985576923076923 0.5276442307692307 0.04927884615384615 0.054086538461538464
1 0.1658653846153846 0.5288461538461539 0.03125 0.054086538461538464
1 0.5264423076923077 0.5384615384615384 0.03485576923076923 0.06370192307692307
1 0.9891826923076923 0.546875 0.016826923076923076 0.06490384615384616
1 0.375 0.5456730769230769 0.036057692307692304 0.05889423076923077
1 0.22235576923076922 0.5456730769230769 0.039663461538461536 0.054086538461538464
1 0.453125 0.546875 0.03245192307692308 0.057692307692307696
1 0.296875 0.5492788461538461 0.038461538461538464 0.057692307692307696