0 0.5973557692307693 0.30649038461538464 0.018028846153846152 0.03485576923076923
0 0.5625 0.32091346153846156 0.01201923076923077 0.038461538461538464
1 0.3293269230769231 0.32091346153846156 0.019230769230769232 0.026442307692307692
1 0.2776442307692308 0.3401442307692308 0.021634615384615384 0.038461538461538464
0 0.5264423076923077 0.34134615384615385 0.02283653846153846 0.04326923076923077
0 0.4891826923076923 0.36177884615384615 0.014423076923076924 0.038461538461538464
1 0.2127403846153846 0.36658653846153844 0.021634615384615384 0.03485576923076923
1 0.1814903846153846 0.38100961538461536 0.028846153846153848 0.038461538461538464
0 0.46274038461538464 0.38822115384615385 0.020432692307692308 0.04567307692307692
0 0.7584134615384616 0.3942307692307692 0.03365384615384615 0.04326923076923077
0 0.6538461538461539 0.39903846153846156 0.021634615384615384 0.04326923076923077
0 0.7055288461538461 0.39903846153846156 0.015625 0.04326923076923077
1 0.15985576923076922 0.39903846153846156 0.019230769230769232 0.052884615384615384
0 0.8137019230769231 0.39903846153846156 0.03125 0.04567307692307692
0 0.5925480769230769 0.40625 0.028846153846153848 0.04326923076923077
0 0.875 0.40625 0.021634615384615384 0.04326923076923077
0 0.4951923076923077 0.4074519230769231 0.021634615384615384 0.03485576923076923
0 0.5480769230769231 0.4098557692307692 0.02403846153846154 0.040865384615384616
0 0.9302884615384616 0.41346153846153844 0.03365384615384615 0.054086538461538464
1 0.14302884615384615 0.4206730769230769 0.020432692307692308 0.040865384615384616
0 0.9915865384615384 0.42427884615384615 0.015625 0.05889423076923077
1 0.1310096153846154 0.43149038461538464 0.03125 0.030048076923076924
1 0.12620192307692307 0.4639423076923077 0.027644230769230768 0.04807692307692308
1 0.14423076923076922 0.4891826923076923 0.027644230769230768 0.052884615384615384
1 0.17908653846153846 0.5060096153846154 0.037259615384615384 0.05889423076923077
1 0.2800480769230769 0.5300480769230769 0.036057692307692304 0.057692307692307696
1 0.23076923076923078 0.53125 0.040865384615384616 0.07091346153846154
1 0.7319711538461539 0.5408653846153846 0.03485576923076923 0.05889423076923077
1 0.8125 0.5408653846153846 0.03365384615384615 0.05048076923076923
1 0.6598557692307693 0.5420673076923077 0.027644230769230768 0.0625
1 0.4338942307692308 0.5432692307692307 0.03365384615384615 0.06370192307692307
1 0.3557692307692308 0.5444711538461539 0.036057692307692304 0.052884615384615384
1 0.5865384615384616 0.546875 0.028846153846153848 0.057692307692307696
1 0.5120192307692307 0.5504807692307693 0.03485576923076923 0.054086538461538464
1 0.9002403846153846 0.5516826923076923 0.03485576923076923 0.06610576923076923