1 0.4098557692307692 0.29086538461538464 0.016826923076923076 0.03485576923076923
0 0.6274038461538461 0.29086538461538464 0.018028846153846152 0.026442307692307692
1 0.36778846153846156 0.3088942307692308 0.014423076923076924 0.038461538461538464
0 0.5913461538461539 0.31009615384615385 0.015625 0.036057692307692304
0 0.5528846153846154 0.32091346153846156 0.020432692307692308 0.040865384615384616
1 0.3233173076923077 0.3269230769230769 0.019230769230769232 0.030048076923076924
1 0.2704326923076923 0.3449519230769231 0.019230769230769232 0.03125
0 0.5204326923076923 0.34615384615384615 0.015625 0.03125
0 0.4807692307692308 0.36538461538461536 0.015625 0.036057692307692304
1 0.2091346153846154 0.3713942307692308 0.019230769230769232 0.03485576923076923
0 0.46274038461538464 0.38461538461538464 0.020432692307692308 0.042067307692307696
1 0.17427884615384615 0.3870192307692308 0.02283653846153846 0.038461538461538464
0 0.7475961538461539 0.39663461538461536 0.02283653846153846 0.04326923076923077
0 0.8076923076923077 0.39903846153846156 0.020432692307692308 0.036057692307692304
0 0.6466346153846154 0.4026442307692308 0.020432692307692308 0.052884615384615384
0 0.6971153846153846 0.4026442307692308 0.025240384615384616 0.04326923076923077
1 0.15384615384615385 0.4074519230769231 0.019230769230769232 0.04567307692307692
0 0.4543269230769231 0.4074519230769231 0.021634615384615384 0.04567307692307692
0 0.5420673076923077 0.4110576923076923 0.026442307692307692 0.04326923076923077
0 0.4879807692307692 0.4110576923076923 0.016826923076923076 0.03485576923076923
0 0.5841346153846154 0.4110576923076923 0.02403846153846154 0.05048076923076923
0 0.8653846153846154 0.4110576923076923 0.025240384615384616 0.04567307692307692
0 0.9266826923076923 0.421875 0.026442307692307692 0.052884615384615384
1 0.1346153846153846 0.42427884615384615 0.02283653846153846 0.04807692307692308
0 0.9855769230769231 0.4375 0.027644230769230768 0.055288461538461536
1 0.11899038461538461 0.44350961538461536 0.02403846153846154 0.04567307692307692
1 0.12139423076923077 0.47115384615384615 0.03245192307692308 0.052884615384615384
1 0.13942307692307693 0.49278846153846156 0.027644230769230768 0.05889423076923077
1 0.171875 0.5132211538461539 0.03485576923076923 0.05889423076923077
1 0.22235576923076922 0.5264423076923077 0.027644230769230768 0.040865384615384616
1 0.6526442307692307 0.5420673076923077 0.037259615384615384 0.07091346153846154
1 0.7271634615384616 0.5432692307692307 0.03125 0.05889423076923077
1 0.35216346153846156 0.5444711538461539 0.036057692307692304 0.06610576923076923
1 0.27283653846153844 0.546875 0.03245192307692308 0.07091346153846154
1 0.4266826923076923 0.5480769230769231 0.038461538461538464 0.054086538461538464
1 0.8076923076923077 0.5492788461538461 0.03125 0.052884615384615384
1 0.5793269230769231 0.5552884615384616 0.03125 0.054086538461538464
1 0.5060096153846154 0.5588942307692307 0.03125 0.06610576923076923
1 0.8918269230769231 0.5600961538461539 0.037259615384615384 0.054086538461538464