0 0.6814903846153846 0.2692307692307692 0.013221153846153846 0.01201923076923077
0 0.6682692307692307 0.2764423076923077 0.014423076923076924 0.015625
0 0.4338942307692308 0.2824519230769231 0.014423076923076924 0.018028846153846152
0 0.6538461538461539 0.2848557692307692 0.013221153846153846 0.014423076923076924
1 0.4182692307692308 0.28846153846153844 0.014423076923076924 0.018028846153846152
1 0.4014423076923077 0.2956730769230769 0.015625 0.018028846153846152
0 0.6189903846153846 0.2980769230769231 0.014423076923076924 0.016826923076923076
0 0.5829326923076923 0.31009615384615385 0.015625 0.014423076923076924
1 0.3629807692307692 0.3112980769230769 0.016826923076923076 0.021634615384615384
0 0.546875 0.328125 0.018028846153846152 0.021634615384615384
1 0.31490384615384615 0.33052884615384615 0.019230769230769232 0.025240384615384616
0 0.5120192307692307 0.3485576923076923 0.016826923076923076 0.021634615384615384
1 0.2608173076923077 0.34975961538461536 0.02283653846153846 0.026442307692307692
0 0.4723557692307692 0.3701923076923077 0.018028846153846152 0.021634615384615384
1 0.19951923076923078 0.3737980769230769 0.021634615384615384 0.026442307692307692
0 0.4543269230769231 0.38461538461538464 0.019230769230769232 0.02403846153846154
1 0.16466346153846154 0.3858173076923077 0.025240384615384616 0.030048076923076924
1 0.14423076923076922 0.4026442307692308 0.02403846153846154 0.03245192307692308
0 0.44471153846153844 0.40384615384615385 0.025240384615384616 0.027644230769230768
0 0.7391826923076923 0.4050480769230769 0.02403846153846154 0.03125
0 0.6358173076923077 0.4074519230769231 0.027644230769230768 0.03245192307692308
0 0.6875 0.4074519230769231 0.02403846153846154 0.025240384615384616
0 0.796875 0.4098557692307692 0.02283653846153846 0.03125
0 0.53125 0.41225961538461536 0.02403846153846154 0.028846153846153848
0 0.5757211538461539 0.41346153846153844 0.02403846153846154 0.028846153846153848
0 0.47836538461538464 0.41466346153846156 0.02403846153846154 0.026442307692307692
0 0.8557692307692307 0.4170673076923077 0.02403846153846154 0.030048076923076924
0 0.9158653846153846 0.4230769230769231 0.028846153846153848 0.030048076923076924
1 0.12620192307692307 0.42788461538461536 0.028846153846153848 0.03245192307692308
0 0.9783653846153846 0.42908653846153844 0.026442307692307692 0.03365384615384615
1 0.11177884615384616 0.44591346153846156 0.027644230769230768 0.03365384615384615
1 0.10817307692307693 0.46875 0.03125 0.03245192307692308
1 0.125 0.49038461538461536 0.03125 0.042067307692307696
1 0.15985576923076922 0.5144230769230769 0.037259615384615384 0.046875
1 0.2127403846153846 0.5288461538461539 0.03365384615384615 0.046875
1 0.71875 0.5456730769230769 0.037259615384615384 0.040865384615384616
1 0.2644230769230769 0.546875 0.038461538461538464 0.046875
1 0.6454326923076923 0.5480769230769231 0.037259615384615384 0.046875
1 0.796875 0.5504807692307693 0.038461538461538464 0.042067307692307696
1 0.5697115384615384 0.5516826923076923 0.036057692307692304 0.046875
1 0.3389423076923077 0.5528846153846154 0.037259615384615384 0.046875
1 0.4170673076923077 0.5540865384615384 0.037259615384615384 0.038461538461538464
1 0.4963942307692308 0.5564903846153846 0.03485576923076923 0.05048076923076923
1 0.8810096153846154 0.5600961538461539 0.038461538461538464 0.051682692307692304