0 0.5120192307692307 0.25961538461538464 0.01201923076923077 0.014423076923076924
1 0.3161057692307692 0.2608173076923077 0.010817307692307692 0.018028846153846152
0 0.5564903846153846 0.2668269230769231 0.01201923076923077 0.016826923076923076
1 0.34134615384615385 0.26802884615384615 0.01201923076923077 0.018028846153846152
0 0.6057692307692307 0.2692307692307692 0.01201923076923077 0.014423076923076924
1 0.36899038461538464 0.2764423076923077 0.013221153846153846 0.018028846153846152
1 0.40024038461538464 0.2848557692307692 0.014423076923076924 0.013221153846153846
1 0.41947115384615385 0.3004807692307692 0.015625 0.030048076923076924
1 0.40625 0.30649038461538464 0.014423076923076924 0.018028846153846152
0 0.6069711538461539 0.31490384615384615 0.016826923076923076 0.015625
1 0.38822115384615385 0.31490384615384615 0.014423076923076924 0.018028846153846152
1 0.3473557692307692 0.328125 0.015625 0.020432692307692308
0 0.5709134615384616 0.33052884615384615 0.016826923076923076 0.016826923076923076
0 0.5348557692307693 0.3449519230769231 0.019230769230769232 0.02403846153846154
1 0.3004807692307692 0.34615384615384615 0.018028846153846152 0.021634615384615384
0 0.5 0.3641826923076923 0.019230769230769232 0.019230769230769232
1 0.24639423076923078 0.36899038461538464 0.020432692307692308 0.02403846153846154
1 0.18389423076923078 0.38822115384615385 0.020432692307692308 0.026442307692307692
0 0.46274038461538464 0.4014423076923077 0.019230769230769232 0.038461538461538464
1 0.1502403846153846 0.40625 0.02403846153846154 0.03125
0 0.44471153846153844 0.40865384615384615 0.021634615384615384 0.038461538461538464
1 0.12740384615384615 0.421875 0.02403846153846154 0.028846153846153848
0 0.7247596153846154 0.4230769230769231 0.02403846153846154 0.030048076923076924
0 0.6742788461538461 0.4230769230769231 0.02283653846153846 0.030048076923076924
0 0.78125 0.4254807692307692 0.02403846153846154 0.026442307692307692
0 0.6225961538461539 0.4266826923076923 0.02283653846153846 0.03245192307692308
0 0.43509615384615385 0.42788461538461536 0.02283653846153846 0.040865384615384616
0 0.5625 0.43149038461538464 0.02403846153846154 0.028846153846153848
0 0.5192307692307693 0.43149038461538464 0.02403846153846154 0.026442307692307692
0 0.8401442307692307 0.43509615384615385 0.021634615384615384 0.03125
0 0.4651442307692308 0.4375 0.020432692307692308 0.040865384615384616
1 0.109375 0.44350961538461536 0.021634615384615384 0.03125
0 0.8990384615384616 0.44350961538461536 0.021634615384615384 0.028846153846153848
0 0.9615384615384616 0.4495192307692308 0.027644230769230768 0.030048076923076924
1 0.09615384615384616 0.4675480769230769 0.027644230769230768 0.03485576923076923
1 0.11057692307692307 0.5084134615384616 0.03125 0.038461538461538464
1 0.14543269230769232 0.5300480769230769 0.026442307692307692 0.038461538461538464
1 0.19591346153846154 0.5480769230769231 0.03245192307692308 0.037259615384615384
1 0.24879807692307693 0.5637019230769231 0.03125 0.040865384615384616
1 0.7055288461538461 0.5649038461538461 0.03365384615384615 0.039663461538461536
1 0.6286057692307693 0.5661057692307693 0.030048076923076924 0.038461538461538464
1 0.328125 0.5709134615384616 0.03485576923076923 0.042067307692307696
1 0.7824519230769231 0.5709134615384616 0.03245192307692308 0.042067307692307696
1 0.5564903846153846 0.5745192307692307 0.03125 0.040865384615384616
1 0.4050480769230769 0.5757211538461539 0.03245192307692308 0.04326923076923077
1 0.4831730769230769 0.5769230769230769 0.03245192307692308 0.042067307692307696
1 0.8629807692307693 0.5805288461538461 0.03365384615384615 0.046875