0 0.11658653846153846 0.4735576923076923 0.014423076923076924 0.026442307692307692
0 0.055288461538461536 0.47475961538461536 0.01201923076923077 0.030048076923076924
0 0.3389423076923077 0.47596153846153844 0.009615384615384616 0.025240384615384616
0 0.18269230769230768 0.47596153846153844 0.018028846153846152 0.021634615384615384
0 0.2848557692307692 0.48197115384615385 0.009615384615384616 0.025240384615384616
0 0.2512019230769231 0.4831730769230769 0.01201923076923077 0.026442307692307692
0 0.3173076923076923 0.484375 0.01201923076923077 0.030048076923076924
1 0.4963942307692308 0.5108173076923077 0.01201923076923077 0.021634615384615384
1 0.4735576923076923 0.515625 0.01201923076923077 0.026442307692307692
1 0.44350961538461536 0.5216346153846154 0.015625 0.03125
1 0.028846153846153848 0.5240384615384616 0.018028846153846152 0.025240384615384616
1 0.4074519230769231 0.5264423076923077 0.015625 0.030048076923076924
1 0.11177884615384616 0.5276442307692307 0.020432692307692308 0.018028846153846152
1 0.36538461538461536 0.53125 0.020432692307692308 0.03125
1 0.32211538461538464 0.5324519230769231 0.018028846153846152 0.026442307692307692
1 0.1935096153846154 0.5336538461538461 0.015625 0.020432692307692308
1 0.27524038461538464 0.5336538461538461 0.018028846153846152 0.030048076923076924