0 0.004807692307692308 0.46875 0.009615384615384616 0.03365384615384615
0 0.057692307692307696 0.47115384615384615 0.018028846153846152 0.03125
0 0.1875 0.4723557692307692 0.014423076923076924 0.025240384615384616
0 0.12139423076923077 0.4735576923076923 0.015625 0.020432692307692308
0 0.34375 0.4735576923076923 0.016826923076923076 0.026442307692307692
0 0.25600961538461536 0.47596153846153844 0.014423076923076924 0.025240384615384616
0 0.32572115384615385 0.47596153846153844 0.014423076923076924 0.03125
0 0.28966346153846156 0.47716346153846156 0.016826923076923076 0.025240384615384616
1 0.5168269230769231 0.5036057692307693 0.016826923076923076 0.03485576923076923
1 0.5024038461538461 0.5108173076923077 0.01201923076923077 0.03125
1 0.47836538461538464 0.5132211538461539 0.018028846153846152 0.036057692307692304
1 0.4483173076923077 0.5180288461538461 0.015625 0.026442307692307692
1 0.03365384615384615 0.5204326923076923 0.021634615384615384 0.03125
1 0.11538461538461539 0.5252403846153846 0.020432692307692308 0.027644230769230768
1 0.41346153846153844 0.5252403846153846 0.019230769230769232 0.03125
1 0.36899038461538464 0.5300480769230769 0.021634615384615384 0.03125
1 0.20072115384615385 0.53125 0.018028846153846152 0.025240384615384616
1 0.27884615384615385 0.5324519230769231 0.020432692307692308 0.026442307692307692
1 0.328125 0.5324519230769231 0.018028846153846152 0.028846153846153848