0 0.008413461538461538 0.46274038461538464 0.016826923076923076 0.021634615384615384
0 0.33774038461538464 0.46274038461538464 0.015625 0.025240384615384616
0 0.06129807692307692 0.4675480769230769 0.015625 0.019230769230769232
0 0.125 0.47115384615384615 0.016826923076923076 0.02403846153846154
0 0.3473557692307692 0.47475961538461536 0.014423076923076924 0.021634615384615384
0 0.18990384615384615 0.47596153846153844 0.016826923076923076 0.021634615384615384
0 0.2932692307692308 0.47836538461538464 0.014423076923076924 0.021634615384615384
0 0.25961538461538464 0.4795673076923077 0.018028846153846152 0.028846153846153848
0 0.32572115384615385 0.4795673076923077 0.013221153846153846 0.019230769230769232
1 0.5168269230769231 0.49759615384615385 0.013221153846153846 0.021634615384615384
1 0.5024038461538461 0.5060096153846154 0.015625 0.02403846153846154
1 0.48197115384615385 0.5120192307692307 0.015625 0.02403846153846154
1 0.45072115384615385 0.5168269230769231 0.014423076923076924 0.025240384615384616
1 0.038461538461538464 0.5216346153846154 0.019230769230769232 0.026442307692307692
1 0.41225961538461536 0.5240384615384616 0.015625 0.026442307692307692
1 0.11778846153846154 0.5240384615384616 0.019230769230769232 0.021634615384615384
1 0.3713942307692308 0.5276442307692307 0.018028846153846152 0.026442307692307692
1 0.203125 0.5300480769230769 0.018028846153846152 0.026442307692307692
1 0.28365384615384615 0.5324519230769231 0.016826923076923076 0.025240384615384616
1 0.3317307692307692 0.5324519230769231 0.019230769230769232 0.030048076923076924