1 0.5048076923076923 0.46153846153846156 0.014423076923076924 0.02283653846153846
0 0.013221153846153846 0.4651442307692308 0.014423076923076924 0.020432692307692308
0 0.06850961538461539 0.46875 0.018028846153846152 0.016826923076923076
1 0.5144230769230769 0.46875 0.010817307692307692 0.026442307692307692
0 0.35336538461538464 0.47115384615384615 0.015625 0.020432692307692308
0 0.1310096153846154 0.4723557692307692 0.018028846153846152 0.025240384615384616
1 0.5240384615384616 0.4723557692307692 0.01201923076923077 0.021634615384615384
0 0.19471153846153846 0.47475961538461536 0.014423076923076924 0.019230769230769232
0 0.26322115384615385 0.47836538461538464 0.014423076923076924 0.020432692307692308
0 0.33052884615384615 0.47836538461538464 0.013221153846153846 0.020432692307692308
0 0.2980769230769231 0.4795673076923077 0.019230769230769232 0.026442307692307692
1 0.5204326923076923 0.5012019230769231 0.01201923076923077 0.028846153846153848
1 0.5072115384615384 0.5084134615384616 0.015625 0.026442307692307692
1 0.48677884615384615 0.5132211538461539 0.018028846153846152 0.03245192307692308
1 0.45552884615384615 0.5192307692307693 0.016826923076923076 0.026442307692307692
1 0.04326923076923077 0.5204326923076923 0.020432692307692308 0.026442307692307692
1 0.41947115384615385 0.5228365384615384 0.015625 0.027644230769230768
1 0.125 0.5252403846153846 0.019230769230769232 0.021634615384615384
1 0.3762019230769231 0.5276442307692307 0.019230769230769232 0.028846153846153848
1 0.2091346153846154 0.5300480769230769 0.018028846153846152 0.026442307692307692
1 0.33653846153846156 0.53125 0.019230769230769232 0.026442307692307692
1 0.28725961538461536 0.5324519230769231 0.018028846153846152 0.02283653846153846