0 0.46033653846153844 0.41586538461538464 0.008413461538461538 0.015625
0 0.4543269230769231 0.41586538461538464 0.008413461538461538 0.015625
1 0.5829326923076923 0.4182692307692308 0.010817307692307692 0.016826923076923076
0 0.4483173076923077 0.421875 0.008413461538461538 0.01201923076923077
1 0.5805288461538461 0.4254807692307692 0.010817307692307692 0.014423076923076924
0 0.44350961538461536 0.4254807692307692 0.007211538461538462 0.014423076923076924
0 0.4362980769230769 0.42908653846153844 0.008413461538461538 0.014423076923076924
1 0.5769230769230769 0.4326923076923077 0.010817307692307692 0.015625
0 0.4326923076923077 0.4362980769230769 0.010817307692307692 0.014423076923076924
0 0.039663461538461536 0.4411057692307692 0.015625 0.02283653846153846
0 0.0673076923076923 0.4411057692307692 0.015625 0.026442307692307692
0 0.4387019230769231 0.44350961538461536 0.01201923076923077 0.018028846153846152
1 0.578125 0.44591346153846156 0.01201923076923077 0.030048076923076924
0 0.09134615384615384 0.44711538461538464 0.016826923076923076 0.026442307692307692
0 0.11298076923076923 0.44711538461538464 0.016826923076923076 0.030048076923076924
1 0.5841346153846154 0.4483173076923077 0.01201923076923077 0.025240384615384616
0 0.007211538461538462 0.4495192307692308 0.014423076923076924 0.028846153846153848
0 0.44711538461538464 0.4495192307692308 0.013221153846153846 0.020432692307692308
0 0.15865384615384615 0.453125 0.015625 0.02403846153846154
1 0.5961538461538461 0.45552884615384615 0.014423076923076924 0.03125
0 0.45552884615384615 0.45552884615384615 0.010817307692307692 0.020432692307692308
1 0.6081730769230769 0.4579326923076923 0.013221153846153846 0.025240384615384616
0 0.46153846153846156 0.46153846153846156 0.01201923076923077 0.018028846153846152
0 0.2091346153846154 0.46153846153846156 0.016826923076923076 0.027644230769230768
0 0.265625 0.4651442307692308 0.018028846153846152 0.026442307692307692
1 0.6189903846153846 0.4651442307692308 0.01201923076923077 0.028846153846153848
0 0.3233173076923077 0.4699519230769231 0.015625 0.02283653846153846
0 0.46875 0.4699519230769231 0.013221153846153846 0.02403846153846154
1 0.6298076923076923 0.4723557692307692 0.01201923076923077 0.03245192307692308
0 0.3858173076923077 0.4735576923076923 0.016826923076923076 0.026442307692307692
1 0.6394230769230769 0.47596153846153844 0.015625 0.025240384615384616
0 0.4495192307692308 0.47596153846153844 0.015625 0.02283653846153846
0 0.4170673076923077 0.47716346153846156 0.015625 0.026442307692307692
1 0.6466346153846154 0.484375 0.015625 0.026442307692307692
1 0.6394230769230769 0.5 0.016826923076923076 0.026442307692307692
1 0.08052884615384616 0.5024038461538461 0.019230769230769232 0.03125
1 0.006009615384615385 0.5024038461538461 0.009615384615384616 0.030048076923076924
1 0.04447115384615385 0.5036057692307693 0.015625 0.027644230769230768
1 0.6225961538461539 0.5060096153846154 0.016826923076923076 0.027644230769230768
1 0.11538461538461539 0.5060096153846154 0.018028846153846152 0.026442307692307692
1 0.6009615384615384 0.5108173076923077 0.020432692307692308 0.030048076923076924
1 0.1875 0.5120192307692307 0.019230769230769232 0.025240384615384616
1 0.2608173076923077 0.5192307692307693 0.019230769230769232 0.03125
1 0.5709134615384616 0.5204326923076923 0.020432692307692308 0.03245192307692308
1 0.5360576923076923 0.5240384615384616 0.02403846153846154 0.03245192307692308
1 0.49399038461538464 0.5240384615384616 0.020432692307692308 0.030048076923076924
1 0.33653846153846156 0.5252403846153846 0.020432692307692308 0.03365384615384615
1 0.45552884615384615 0.5264423076923077 0.020432692307692308 0.030048076923076924
1 0.40865384615384615 0.5276442307692307 0.020432692307692308 0.030048076923076924