0 0.09134615384615384 0.4375 0.014423076923076924 0.021634615384615384
0 0.057692307692307696 0.43990384615384615 0.01201923076923077 0.026442307692307692
0 0.11778846153846154 0.4411057692307692 0.015625 0.030048076923076924
0 0.15985576923076922 0.4423076923076923 0.01201923076923077 0.019230769230769232
0 0.13942307692307693 0.44350961538461536 0.014423076923076924 0.02283653846153846
0 0.006009615384615385 0.4483173076923077 0.01201923076923077 0.026442307692307692
0 0.20432692307692307 0.45072115384615385 0.015625 0.018028846153846152
0 0.484375 0.45072115384615385 0.007211538461538462 0.026442307692307692
1 0.6358173076923077 0.453125 0.013221153846153846 0.026442307692307692
0 0.25240384615384615 0.4567307692307692 0.01201923076923077 0.030048076923076924
1 0.6478365384615384 0.45913461538461536 0.010817307692307692 0.025240384615384616
0 0.4963942307692308 0.46033653846153844 0.013221153846153846 0.021634615384615384
1 0.6622596153846154 0.46274038461538464 0.019230769230769232 0.026442307692307692
0 0.3088942307692308 0.46634615384615385 0.016826923076923076 0.03125
0 0.36538461538461536 0.46875 0.016826923076923076 0.026442307692307692
0 0.5072115384615384 0.47115384615384615 0.016826923076923076 0.021634615384615384
0 0.4891826923076923 0.4735576923076923 0.014423076923076924 0.020432692307692308
0 0.4567307692307692 0.4735576923076923 0.018028846153846152 0.026442307692307692
0 0.4266826923076923 0.47596153846153844 0.016826923076923076 0.03125
1 0.6850961538461539 0.48677884615384615 0.015625 0.030048076923076924
1 0.12980769230769232 0.4963942307692308 0.018028846153846152 0.026442307692307692
1 0.052884615384615384 0.4987980769230769 0.015625 0.025240384615384616
1 0.1622596153846154 0.4987980769230769 0.016826923076923076 0.021634615384615384
1 0.09615384615384616 0.5 0.016826923076923076 0.026442307692307692
1 0.23197115384615385 0.5072115384615384 0.019230769230769232 0.03485576923076923
1 0.6754807692307693 0.5084134615384616 0.015625 0.03485576923076923
1 0.01201923076923077 0.5084134615384616 0.018028846153846152 0.03485576923076923
1 0.6658653846153846 0.5120192307692307 0.015625 0.038461538461538464
1 0.30408653846153844 0.515625 0.014423076923076924 0.026442307692307692
1 0.6117788461538461 0.5204326923076923 0.019230769230769232 0.021634615384615384
1 0.6418269230769231 0.5204326923076923 0.015625 0.040865384615384616
1 0.3762019230769231 0.5228365384615384 0.020432692307692308 0.026442307692307692
1 0.4483173076923077 0.5264423076923077 0.015625 0.025240384615384616
1 0.5757211538461539 0.5276442307692307 0.015625 0.026442307692307692
1 0.5336538461538461 0.5288461538461539 0.018028846153846152 0.030048076923076924
1 0.4951923076923077 0.5288461538461539 0.019230769230769232 0.036057692307692304