0 0.11899038461538461 0.4338942307692308 0.010817307692307692 0.02403846153846154
0 0.14543269230769232 0.43509615384615385 0.014423076923076924 0.021634615384615384
0 0.08774038461538461 0.43509615384615385 0.014423076923076924 0.018028846153846152
0 0.4963942307692308 0.4362980769230769 0.010817307692307692 0.015625
0 0.16826923076923078 0.4375 0.01201923076923077 0.014423076923076924
0 0.18870192307692307 0.4411057692307692 0.014423076923076924 0.015625
0 0.03485576923076923 0.4423076923076923 0.013221153846153846 0.019230769230769232
0 0.5012019230769231 0.44350961538461536 0.009615384615384616 0.016826923076923076
0 0.5108173076923077 0.4483173076923077 0.008413461538461538 0.018028846153846152
0 0.23076923076923078 0.4495192307692308 0.013221153846153846 0.018028846153846152
0 0.27884615384615385 0.453125 0.013221153846153846 0.016826923076923076
1 0.6586538461538461 0.4543269230769231 0.010817307692307692 0.02283653846153846
0 0.5192307692307693 0.4579326923076923 0.009615384615384616 0.018028846153846152
0 0.5264423076923077 0.46153846153846156 0.010817307692307692 0.018028846153846152
1 0.671875 0.46153846153846156 0.010817307692307692 0.02403846153846154
0 0.3317307692307692 0.4651442307692308 0.016826923076923076 0.02403846153846154
1 0.6875 0.4675480769230769 0.014423076923076924 0.025240384615384616
0 0.38822115384615385 0.4699519230769231 0.014423076923076924 0.026442307692307692
0 0.53125 0.47115384615384615 0.01201923076923077 0.021634615384615384
0 0.4483173076923077 0.47596153846153844 0.013221153846153846 0.026442307692307692
0 0.5120192307692307 0.47596153846153844 0.01201923076923077 0.021634615384615384
0 0.48197115384615385 0.47836538461538464 0.014423076923076924 0.025240384615384616
1 0.703125 0.484375 0.019230769230769232 0.028846153846153848
1 0.0829326923076923 0.4879807692307692 0.016826923076923076 0.028846153846153848
1 0.15745192307692307 0.49158653846153844 0.014423076923076924 0.026442307692307692
1 0.12379807692307693 0.49278846153846156 0.016826923076923076 0.028846153846153848
1 0.19110576923076922 0.4951923076923077 0.018028846153846152 0.021634615384615384
1 0.04326923076923077 0.5 0.018028846153846152 0.028846153846153848
1 0.25721153846153844 0.5036057692307693 0.015625 0.019230769230769232
1 0.7055288461538461 0.5036057692307693 0.014423076923076924 0.028846153846153848
1 0.3293269230769231 0.5132211538461539 0.014423076923076924 0.016826923076923076
1 0.6887019230769231 0.5144230769230769 0.015625 0.026442307692307692
1 0.6694711538461539 0.515625 0.018028846153846152 0.021634615384615384
1 0.40024038461538464 0.5204326923076923 0.018028846153846152 0.026442307692307692
1 0.6358173076923077 0.5216346153846154 0.018028846153846152 0.02283653846153846
1 0.5985576923076923 0.5240384615384616 0.021634615384615384 0.028846153846153848
1 0.4723557692307692 0.5264423076923077 0.013221153846153846 0.028846153846153848
1 0.5552884615384616 0.5276442307692307 0.016826923076923076 0.027644230769230768
1 0.5168269230769231 0.5276442307692307 0.016826923076923076 0.027644230769230768