0 0.14182692307692307 0.4254807692307692 0.01201923076923077 0.02403846153846154
0 0.16706730769230768 0.42908653846153844 0.01201923076923077 0.021634615384615384
0 0.11057692307692307 0.43028846153846156 0.01201923076923077 0.019230769230769232
0 0.18870192307692307 0.4338942307692308 0.01201923076923077 0.021634615384615384
0 0.2091346153846154 0.43509615384615385 0.01201923076923077 0.018028846153846152
0 0.056490384615384616 0.4375 0.013221153846153846 0.02283653846153846
0 0.2512019230769231 0.44350961538461536 0.013221153846153846 0.014423076923076924
0 0.29927884615384615 0.4519230769230769 0.01201923076923077 0.018028846153846152
0 0.35216346153846156 0.4567307692307692 0.013221153846153846 0.018028846153846152
1 0.6923076923076923 0.46274038461538464 0.010817307692307692 0.02403846153846154
0 0.4074519230769231 0.4675480769230769 0.013221153846153846 0.021634615384615384
1 0.7043269230769231 0.4675480769230769 0.014423076923076924 0.02283653846153846
0 0.5492788461538461 0.4699519230769231 0.013221153846153846 0.020432692307692308
1 0.7175480769230769 0.4735576923076923 0.010817307692307692 0.018028846153846152
0 0.53125 0.47475961538461536 0.014423076923076924 0.018028846153846152
0 0.4987980769230769 0.47475961538461536 0.014423076923076924 0.021634615384615384
0 0.4675480769230769 0.47596153846153844 0.015625 0.027644230769230768
1 0.10576923076923077 0.48197115384615385 0.019230769230769232 0.028846153846153848
1 0.1466346153846154 0.484375 0.015625 0.028846153846153848
1 0.17908653846153846 0.4891826923076923 0.015625 0.026442307692307692
1 0.06610576923076923 0.49278846153846156 0.015625 0.025240384615384616
1 0.7331730769230769 0.49278846153846156 0.015625 0.028846153846153848
1 0.21033653846153846 0.4951923076923077 0.015625 0.025240384615384616
1 0.2776442307692308 0.5012019230769231 0.015625 0.026442307692307692
1 0.7235576923076923 0.5048076923076923 0.014423076923076924 0.026442307692307692
1 0.3473557692307692 0.5108173076923077 0.013221153846153846 0.021634615384615384
1 0.7091346153846154 0.5132211538461539 0.013221153846153846 0.021634615384615384
1 0.41947115384615385 0.5180288461538461 0.015625 0.026442307692307692
1 0.6875 0.5204326923076923 0.015625 0.025240384615384616
1 0.6550480769230769 0.5240384615384616 0.015625 0.025240384615384616
1 0.49158653846153844 0.5276442307692307 0.016826923076923076 0.028846153846153848
1 0.5372596153846154 0.5300480769230769 0.020432692307692308 0.03365384615384615
1 0.5745192307692307 0.5324519230769231 0.016826923076923076 0.030048076923076924
1 0.6165865384615384 0.5324519230769231 0.015625 0.030048076923076924