0 0.07572115384615384 0.4026442307692308 0.013221153846153846 0.015625
0 0.08653846153846154 0.41225961538461536 0.014423076923076924 0.015625
0 0.5324519230769231 0.41586538461538464 0.009615384615384616 0.009615384615384616
0 0.5072115384615384 0.4170673076923077 0.009615384615384616 0.010817307692307692
0 0.5540865384615384 0.4182692307692308 0.01201923076923077 0.010817307692307692
0 0.0985576923076923 0.41947115384615385 0.01201923076923077 0.014423076923076924
0 0.4651442307692308 0.4206730769230769 0.01201923076923077 0.013221153846153846
0 0.5721153846153846 0.42427884615384615 0.01201923076923077 0.013221153846153846
0 0.41947115384615385 0.42788461538461536 0.014423076923076924 0.014423076923076924
0 0.5913461538461539 0.42908653846153844 0.01201923076923077 0.013221153846153846
0 0.3701923076923077 0.43149038461538464 0.013221153846153846 0.014423076923076924
0 0.12139423076923077 0.4338942307692308 0.014423076923076924 0.013221153846153846
0 0.3173076923076923 0.4375 0.013221153846153846 0.014423076923076924
0 0.6286057692307693 0.4387019230769231 0.013221153846153846 0.014423076923076924
0 0.13341346153846154 0.43990384615384615 0.013221153846153846 0.018028846153846152
0 0.28846153846153844 0.4411057692307692 0.01201923076923077 0.014423076923076924
0 0.25600961538461536 0.44350961538461536 0.014423076923076924 0.014423076923076924
0 0.15504807692307693 0.44350961538461536 0.015625 0.016826923076923076
0 0.1875 0.44350961538461536 0.015625 0.014423076923076924
0 0.22235576923076922 0.44591346153846156 0.014423076923076924 0.009615384615384616
0 0.6742788461538461 0.4495192307692308 0.014423076923076924 0.014423076923076924
0 0.7295673076923077 0.45913461538461536 0.015625 0.020432692307692308
1 0.5036057692307693 0.4651442307692308 0.013221153846153846 0.019230769230769232
1 0.5372596153846154 0.4675480769230769 0.015625 0.018028846153846152
1 0.4723557692307692 0.4699519230769231 0.015625 0.018028846153846152
0 0.7896634615384616 0.47115384615384615 0.015625 0.018028846153846152
1 0.4074519230769231 0.4723557692307692 0.019230769230769232 0.018028846153846152
1 0.5649038461538461 0.4735576923076923 0.014423076923076924 0.021634615384615384
1 0.33653846153846156 0.47596153846153844 0.018028846153846152 0.015625
1 0.59375 0.4807692307692308 0.015625 0.018028846153846152
1 0.013221153846153846 0.4807692307692308 0.019230769230769232 0.02403846153846154
1 0.25961538461538464 0.48197115384615385 0.021634615384615384 0.020432692307692308
1 0.17908653846153846 0.48197115384615385 0.020432692307692308 0.018028846153846152
0 0.8581730769230769 0.48197115384615385 0.016826923076923076 0.021634615384615384
1 0.09254807692307693 0.4855769230769231 0.020432692307692308 0.021634615384615384
1 0.13341346153846154 0.4855769230769231 0.020432692307692308 0.02403846153846154
1 0.051682692307692304 0.48677884615384615 0.020432692307692308 0.021634615384615384
0 0.9591346153846154 0.48677884615384615 0.016826923076923076 0.020432692307692308
0 0.8966346153846154 0.4879807692307692 0.018028846153846152 0.019230769230769232
1 0.65625 0.49158653846153844 0.018028846153846152 0.020432692307692308
0 0.9350961538461539 0.49399038461538464 0.015625 0.02283653846153846
1 0.7259615384615384 0.5108173076923077 0.019230769230769232 0.018028846153846152
1 0.8052884615384616 0.5276442307692307 0.016826923076923076 0.025240384615384616
1 0.8870192307692307 0.5432692307692307 0.026442307692307692 0.026442307692307692
1 0.9459134615384616 0.5504807692307693 0.025240384615384616 0.02403846153846154
1 0.9915865384615384 0.5588942307692307 0.015625 0.028846153846153848