0 0.2512019230769231 0.41947115384615385 0.01201923076923077 0.020432692307692308
0 0.6646634615384616 0.4206730769230769 0.015625 0.021634615384615384
0 0.5961538461538461 0.4266826923076923 0.019230769230769232 0.026442307692307692
0 0.6394230769230769 0.4266826923076923 0.01201923076923077 0.015625
0 0.26322115384615385 0.43149038461538464 0.010817307692307692 0.025240384615384616
0 0.6875 0.4338942307692308 0.010817307692307692 0.020432692307692308
0 0.7079326923076923 0.43509615384615385 0.010817307692307692 0.025240384615384616
0 0.7283653846153846 0.4375 0.013221153846153846 0.030048076923076924
0 0.546875 0.4387019230769231 0.013221153846153846 0.025240384615384616
0 0.5 0.43990384615384615 0.015625 0.026442307692307692
0 0.2824519230769231 0.44350961538461536 0.015625 0.018028846153846152
0 0.33052884615384615 0.44711538461538464 0.013221153846153846 0.030048076923076924
0 0.3016826923076923 0.44711538461538464 0.019230769230769232 0.025240384615384616
0 0.4495192307692308 0.44711538461538464 0.014423076923076924 0.025240384615384616
0 0.421875 0.4495192307692308 0.015625 0.025240384615384616
0 0.3918269230769231 0.45072115384615385 0.014423076923076924 0.026442307692307692
0 0.3605769230769231 0.4519230769230769 0.013221153846153846 0.020432692307692308
0 0.7692307692307693 0.453125 0.019230769230769232 0.03125
1 0.10096153846153846 0.46153846153846156 0.01201923076923077 0.025240384615384616
0 0.8185096153846154 0.46274038461538464 0.018028846153846152 0.020432692307692308
1 0.11177884615384616 0.4639423076923077 0.015625 0.036057692307692304
1 0.13221153846153846 0.47115384615384615 0.016826923076923076 0.021634615384615384
1 0.15144230769230768 0.47596153846153844 0.016826923076923076 0.026442307692307692
1 0.6358173076923077 0.47716346153846156 0.015625 0.03485576923076923
0 0.8798076923076923 0.47716346153846156 0.020432692307692308 0.03485576923076923
1 0.5372596153846154 0.4795673076923077 0.015625 0.030048076923076924
1 0.6694711538461539 0.4795673076923077 0.013221153846153846 0.030048076923076924
1 0.6021634615384616 0.4807692307692308 0.015625 0.03125
1 0.17548076923076922 0.4807692307692308 0.016826923076923076 0.026442307692307692
1 0.2091346153846154 0.48197115384615385 0.016826923076923076 0.03485576923076923
1 0.2848557692307692 0.484375 0.019230769230769232 0.025240384615384616
1 0.24759615384615385 0.4855769230769231 0.019230769230769232 0.03125
1 0.3233173076923077 0.48677884615384615 0.02403846153846154 0.030048076923076924
1 0.4675480769230769 0.48677884615384615 0.015625 0.030048076923076924
1 0.7007211538461539 0.4891826923076923 0.018028846153846152 0.025240384615384616
0 0.9447115384615384 0.4891826923076923 0.018028846153846152 0.03485576923076923
1 0.3954326923076923 0.49038461538461536 0.014423076923076924 0.03125
1 0.7307692307692307 0.4963942307692308 0.015625 0.036057692307692304
1 0.8004807692307693 0.5096153846153846 0.021634615384615384 0.030048076923076924
1 0.8762019230769231 0.5264423076923077 0.015625 0.040865384615384616
1 0.9627403846153846 0.5540865384615384 0.02403846153846154 0.040865384615384616