0 0.6213942307692307 0.4254807692307692 0.01201923076923077 0.026442307692307692
0 0.6899038461538461 0.4254807692307692 0.01201923076923077 0.026442307692307692
0 0.6646634615384616 0.42908653846153844 0.015625 0.025240384615384616
0 0.7139423076923077 0.42908653846153844 0.01201923076923077 0.021634615384615384
0 0.734375 0.43509615384615385 0.01201923076923077 0.019230769230769232
0 0.5757211538461539 0.4362980769230769 0.015625 0.020432692307692308
0 0.5264423076923077 0.43990384615384615 0.018028846153846152 0.026442307692307692
0 0.3088942307692308 0.4411057692307692 0.020432692307692308 0.030048076923076924
0 0.7536057692307693 0.44350961538461536 0.013221153846153846 0.025240384615384616
0 0.4735576923076923 0.44350961538461536 0.018028846153846152 0.027644230769230768
0 0.328125 0.44471153846153844 0.014423076923076924 0.025240384615384616
0 0.4495192307692308 0.44591346153846156 0.01201923076923077 0.026442307692307692
0 0.3581730769230769 0.44711538461538464 0.015625 0.03485576923076923
0 0.3858173076923077 0.44711538461538464 0.014423076923076924 0.025240384615384616
0 0.4182692307692308 0.4495192307692308 0.015625 0.025240384615384616
1 0.12980769230769232 0.4519230769230769 0.014423076923076924 0.025240384615384616
0 0.7956730769230769 0.453125 0.015625 0.026442307692307692
1 0.14302884615384615 0.46153846153846156 0.013221153846153846 0.030048076923076924
0 0.8473557692307693 0.46634615384615385 0.025240384615384616 0.025240384615384616
1 0.15985576923076922 0.4699519230769231 0.014423076923076924 0.03125
1 0.1814903846153846 0.4699519230769231 0.02283653846153846 0.030048076923076924
0 0.9038461538461539 0.47596153846153844 0.019230769230769232 0.026442307692307692
1 0.20552884615384615 0.47836538461538464 0.02283653846153846 0.036057692307692304
1 0.6598557692307693 0.4795673076923077 0.015625 0.030048076923076924
1 0.5625 0.4807692307692308 0.018028846153846152 0.03125
1 0.6274038461538461 0.48197115384615385 0.018028846153846152 0.03485576923076923
1 0.6947115384615384 0.48197115384615385 0.015625 0.025240384615384616
1 0.27283653846153844 0.48197115384615385 0.018028846153846152 0.03485576923076923
1 0.234375 0.4831730769230769 0.020432692307692308 0.036057692307692304
1 0.421875 0.484375 0.021634615384615384 0.030048076923076924
1 0.49278846153846156 0.484375 0.019230769230769232 0.03485576923076923
1 0.3088942307692308 0.4855769230769231 0.016826923076923076 0.026442307692307692
1 0.3485576923076923 0.4855769230769231 0.021634615384615384 0.026442307692307692
1 0.7295673076923077 0.49158653846153844 0.015625 0.030048076923076924
0 0.9747596153846154 0.49399038461538464 0.015625 0.03485576923076923
1 0.7572115384615384 0.49399038461538464 0.018028846153846152 0.03125
1 0.8257211538461539 0.5180288461538461 0.015625 0.036057692307692304
1 0.9038461538461539 0.5384615384615384 0.019230769230769232 0.040865384615384616
1 0.9915865384615384 0.5612980769230769 0.015625 0.04927884615384615