0 0.6899038461538461 0.42788461538461536 0.01201923076923077 0.026442307692307692
0 0.6478365384615384 0.43028846153846156 0.01201923076923077 0.018028846153846152
0 0.7175480769230769 0.43149038461538464 0.015625 0.020432692307692308
0 0.7427884615384616 0.43509615384615385 0.008413461538461538 0.025240384615384616
0 0.5997596153846154 0.4375 0.015625 0.020432692307692308
0 0.5516826923076923 0.4411057692307692 0.013221153846153846 0.021634615384615384
0 0.7620192307692307 0.4411057692307692 0.010817307692307692 0.021634615384615384
0 0.33533653846153844 0.4411057692307692 0.01201923076923077 0.021634615384615384
0 0.3545673076923077 0.44591346153846156 0.014423076923076924 0.030048076923076924
0 0.7848557692307693 0.4483173076923077 0.01201923076923077 0.021634615384615384
0 0.38221153846153844 0.4483173076923077 0.008413461538461538 0.021634615384615384
0 0.4423076923076923 0.4483173076923077 0.01201923076923077 0.021634615384615384
0 0.5 0.4483173076923077 0.01201923076923077 0.021634615384615384
0 0.41225961538461536 0.4495192307692308 0.014423076923076924 0.025240384615384616
0 0.4735576923076923 0.4495192307692308 0.014423076923076924 0.020432692307692308
0 0.8245192307692307 0.46033653846153844 0.013221153846153846 0.021634615384615384
1 0.16947115384615385 0.4639423076923077 0.02403846153846154 0.04326923076923077
0 0.8762019230769231 0.46634615384615385 0.015625 0.015625
1 0.18990384615384615 0.47115384615384615 0.016826923076923076 0.03485576923076923
1 0.21153846153846154 0.47115384615384615 0.021634615384615384 0.040865384615384616
1 0.23197115384615385 0.47836538461538464 0.01201923076923077 0.036057692307692304
1 0.6875 0.48197115384615385 0.018028846153846152 0.03485576923076923
1 0.2668269230769231 0.48197115384615385 0.016826923076923076 0.030048076923076924
1 0.33653846153846156 0.484375 0.016826923076923076 0.030048076923076924
1 0.3762019230769231 0.484375 0.019230769230769232 0.038461538461538464
1 0.7247596153846154 0.484375 0.021634615384615384 0.025240384615384616
1 0.6538461538461539 0.4855769230769231 0.019230769230769232 0.027644230769230768
0 0.9375 0.4855769230769231 0.013221153846153846 0.026442307692307692
1 0.3004807692307692 0.4855769230769231 0.016826923076923076 0.026442307692307692
1 0.5877403846153846 0.4891826923076923 0.020432692307692308 0.030048076923076924
1 0.5168269230769231 0.4891826923076923 0.021634615384615384 0.030048076923076924
1 0.44591346153846156 0.49038461538461536 0.014423076923076924 0.026442307692307692
1 0.7548076923076923 0.49158653846153844 0.020432692307692308 0.03245192307692308
1 0.7860576923076923 0.5036057692307693 0.019230769230769232 0.03485576923076923
1 0.8545673076923077 0.5192307692307693 0.02403846153846154 0.038461538461538464
1 0.9350961538461539 0.5408653846153846 0.026442307692307692 0.036057692307692304