0 0.7103365384615384 0.4362980769230769 0.015625 0.026442307692307692
0 0.7391826923076923 0.4362980769230769 0.013221153846153846 0.02283653846153846
0 0.6646634615384616 0.4375 0.014423076923076924 0.026442307692307692
0 0.35336538461538464 0.43990384615384615 0.010817307692307692 0.014423076923076924
0 0.6165865384615384 0.44350961538461536 0.013221153846153846 0.021634615384615384
0 0.7620192307692307 0.44591346153846156 0.013221153846153846 0.02283653846153846
0 0.37259615384615385 0.44711538461538464 0.013221153846153846 0.018028846153846152
0 0.5685096153846154 0.44711538461538464 0.010817307692307692 0.021634615384615384
0 0.7836538461538461 0.4483173076923077 0.01201923076923077 0.020432692307692308
0 0.49038461538461536 0.4519230769230769 0.009615384615384616 0.02283653846153846
0 0.5180288461538461 0.4519230769230769 0.01201923076923077 0.02283653846153846
0 0.8016826923076923 0.4519230769230769 0.013221153846153846 0.021634615384615384
0 0.40024038461538464 0.4543269230769231 0.010817307692307692 0.021634615384615384
0 0.46033653846153844 0.4543269230769231 0.013221153846153846 0.021634615384615384
0 0.43028846153846156 0.4543269230769231 0.01201923076923077 0.021634615384615384
1 0.1935096153846154 0.46033653846153844 0.015625 0.026442307692307692
0 0.8449519230769231 0.4651442307692308 0.014423076923076924 0.02283653846153846
1 0.21153846153846154 0.4651442307692308 0.01201923076923077 0.02283653846153846
1 0.23076923076923078 0.4675480769230769 0.015625 0.025240384615384616
1 0.25240384615384615 0.47836538461538464 0.016826923076923076 0.026442307692307692
0 0.8954326923076923 0.4807692307692308 0.015625 0.025240384615384616
1 0.39302884615384615 0.48197115384615385 0.014423076923076924 0.015625
1 0.3173076923076923 0.484375 0.015625 0.027644230769230768
1 0.2848557692307692 0.4855769230769231 0.019230769230769232 0.03485576923076923
1 0.3545673076923077 0.4855769230769231 0.013221153846153846 0.026442307692307692
1 0.4651442307692308 0.48677884615384615 0.015625 0.021634615384615384
1 0.5360576923076923 0.4891826923076923 0.015625 0.02283653846153846
1 0.7067307692307693 0.4891826923076923 0.015625 0.026442307692307692
1 0.6730769230769231 0.49038461538461536 0.013221153846153846 0.021634615384615384
1 0.7427884615384616 0.49158653846153844 0.015625 0.025240384615384616
0 0.9603365384615384 0.49278846153846156 0.018028846153846152 0.03365384615384615
1 0.6057692307692307 0.49399038461538464 0.014423076923076924 0.021634615384615384
1 0.7728365384615384 0.5048076923076923 0.018028846153846152 0.030048076923076924
1 0.8064903846153846 0.5072115384615384 0.013221153846153846 0.02403846153846154
1 0.8774038461538461 0.5276442307692307 0.016826923076923076 0.030048076923076924
1 0.9603365384615384 0.5540865384615384 0.019230769230769232 0.03485576923076923