0 0.7247596153846154 0.43990384615384615 0.013221153846153846 0.02403846153846154
0 0.6790865384615384 0.44471153846153844 0.01201923076923077 0.02283653846153846
0 0.75 0.44471153846153844 0.013221153846153846 0.021634615384615384
0 0.36778846153846156 0.4483173076923077 0.01201923076923077 0.018028846153846152
0 0.6286057692307693 0.4495192307692308 0.016826923076923076 0.02403846153846154
0 0.7752403846153846 0.45072115384615385 0.015625 0.026442307692307692
0 0.3858173076923077 0.453125 0.008413461538461538 0.018028846153846152
0 0.5300480769230769 0.4543269230769231 0.013221153846153846 0.016826923076923076
0 0.5817307692307693 0.45552884615384615 0.014423076923076924 0.021634615384615384
0 0.5048076923076923 0.45552884615384615 0.014423076923076924 0.021634615384615384
0 0.41346153846153844 0.45552884615384615 0.013221153846153846 0.019230769230769232
0 0.7980769230769231 0.4567307692307692 0.015625 0.026442307692307692
0 0.44350961538461536 0.4567307692307692 0.013221153846153846 0.014423076923076924
0 0.4723557692307692 0.4567307692307692 0.013221153846153846 0.018028846153846152
0 0.8161057692307693 0.46153846153846156 0.01201923076923077 0.02283653846153846
1 0.22596153846153846 0.47596153846153844 0.016826923076923076 0.028846153846153848
0 0.859375 0.47716346153846156 0.015625 0.02403846153846154
1 0.24519230769230768 0.47836538461538464 0.013221153846153846 0.030048076923076924
1 0.26802884615384615 0.4807692307692308 0.01201923076923077 0.02283653846153846
1 0.2980769230769231 0.48677884615384615 0.016826923076923076 0.025240384615384616
1 0.36778846153846156 0.49038461538461536 0.015625 0.02283653846153846
1 0.3329326923076923 0.49158653846153844 0.015625 0.025240384615384616
1 0.6177884615384616 0.49158653846153844 0.013221153846153846 0.02283653846153846
1 0.40625 0.49278846153846156 0.015625 0.02403846153846154
0 0.9158653846153846 0.49278846153846156 0.013221153846153846 0.019230769230769232
1 0.7211538461538461 0.49399038461538464 0.014423076923076924 0.021634615384615384
1 0.5480769230769231 0.49399038461538464 0.019230769230769232 0.019230769230769232
1 0.47836538461538464 0.4951923076923077 0.015625 0.016826923076923076
1 0.6850961538461539 0.4963942307692308 0.015625 0.014423076923076924
1 0.7560096153846154 0.5 0.014423076923076924 0.013221153846153846
1 0.7896634615384616 0.5060096153846154 0.015625 0.020432692307692308
0 0.9747596153846154 0.5072115384615384 0.014423076923076924 0.021634615384615384
1 0.8209134615384616 0.5120192307692307 0.016826923076923076 0.019230769230769232
1 0.8894230769230769 0.5324519230769231 0.020432692307692308 0.02283653846153846
1 0.9735576923076923 0.5564903846153846 0.019230769230769232 0.020432692307692308