0 0.7824519230769231 0.44591346153846156 0.019230769230769232 0.036057692307692304
1 0.41346153846153844 0.4483173076923077 0.02283653846153846 0.039663461538461536
1 0.44591346153846156 0.45913461538461536 0.021634615384615384 0.040865384615384616
1 0.47596153846153844 0.46634615384615385 0.02283653846153846 0.042067307692307696
1 0.5360576923076923 0.5012019230769231 0.027644230769230768 0.04567307692307692
1 0.6057692307692307 0.5420673076923077 0.027644230769230768 0.05048076923076923
1 0.5300480769230769 0.30649038461538464 0.01201923076923077 0.02283653846153846
0 0.7439903846153846 0.3112980769230769 0.010817307692307692 0.02283653846153846
0 0.7211538461538461 0.31490384615384615 0.01201923076923077 0.019230769230769232
1 0.4879807692307692 0.31490384615384615 0.010817307692307692 0.025240384615384616
0 0.6742788461538461 0.3161057692307692 0.01201923076923077 0.02283653846153846
1 0.44350961538461536 0.31971153846153844 0.01201923076923077 0.028846153846153848
0 0.625 0.328125 0.018028846153846152 0.026442307692307692
1 0.3954326923076923 0.3293269230769231 0.01201923076923077 0.028846153846153848
0 0.5745192307692307 0.3317307692307692 0.013221153846153846 0.02283653846153846
1 0.3161057692307692 0.3401442307692308 0.015625 0.03125
1 0.34615384615384615 0.3401442307692308 0.02283653846153846 0.03125
0 0.5276442307692307 0.3449519230769231 0.013221153846153846 0.028846153846153848
0 0.47716346153846156 0.34975961538461536 0.014423076923076924 0.025240384615384616
1 0.29447115384615385 0.34975961538461536 0.013221153846153846 0.03125
1 0.27403846153846156 0.3545673076923077 0.018028846153846152 0.028846153846153848
0 0.4483173076923077 0.3605769230769231 0.015625 0.02283653846153846
1 0.25240384615384615 0.36177884615384615 0.01201923076923077 0.03245192307692308
1 0.234375 0.3701923076923077 0.014423076923076924 0.03125
0 0.42908653846153844 0.375 0.016826923076923076 0.04447115384615385
0 0.48197115384615385 0.38100961538461536 0.013221153846153846 0.03245192307692308
0 0.46033653846153844 0.38341346153846156 0.013221153846153846 0.028846153846153848
1 0.22355769230769232 0.3858173076923077 0.015625 0.02283653846153846
0 0.5516826923076923 0.3858173076923077 0.019230769230769232 0.042067307692307696
0 0.5180288461538461 0.3870192307692308 0.019230769230769232 0.036057692307692304
0 0.5853365384615384 0.3942307692307692 0.018028846153846152 0.028846153846153848
1 0.23076923076923078 0.39663461538461536 0.013221153846153846 0.026442307692307692
0 0.6177884615384616 0.39903846153846156 0.015625 0.03365384615384615
0 0.6490384615384616 0.4050480769230769 0.014423076923076924 0.03245192307692308
1 0.23677884615384615 0.40865384615384615 0.015625 0.028846153846153848
1 0.25841346153846156 0.41586538461538464 0.016826923076923076 0.03365384615384615
0 0.6790865384615384 0.4170673076923077 0.021634615384615384 0.03245192307692308
1 0.2824519230769231 0.42427884615384615 0.021634615384615384 0.046875
1 0.3112980769230769 0.43149038461538464 0.015625 0.036057692307692304
0 0.7163461538461539 0.4326923076923077 0.020432692307692308 0.04807692307692308
1 0.3425480769230769 0.4362980769230769 0.019230769230769232 0.036057692307692304
1 0.37740384615384615 0.4411057692307692 0.020432692307692308 0.036057692307692304
0 0.7475961538461539 0.4423076923076923 0.02283653846153846 0.051682692307692304