0 0.1935096153846154 0.4579326923076923 0.030048076923076924 0.06490384615384616
0 0.23317307692307693 0.4831730769230769 0.03485576923076923 0.0625
0 0.2800480769230769 0.5072115384615384 0.03365384615384615 0.0733173076923077
0 0.3161057692307692 0.5408653846153846 0.036057692307692304 0.07091346153846154
0 0.34975961538461536 0.5805288461538461 0.036057692307692304 0.0625
0 0.37740384615384615 0.6370192307692307 0.038461538461538464 0.06850961538461539
0 0.4074519230769231 0.7043269230769231 0.037259615384615384 0.07692307692307693
0 0.4362980769230769 0.7860576923076923 0.036057692307692304 0.09014423076923077
0 0.4639423076923077 0.8810096153846154 0.05048076923076923 0.09495192307692307
0 0.4951923076923077 0.9723557692307693 0.054086538461538464 0.054086538461538464
0 0.7295673076923077 0.2704326923076923 0.018028846153846152 0.037259615384615384
1 0.5180288461538461 0.27524038461538464 0.013221153846153846 0.038461538461538464
1 0.3858173076923077 0.2764423076923077 0.014423076923076924 0.03125
1 0.4567307692307692 0.27884615384615385 0.016826923076923076 0.026442307692307692
1 0.48677884615384615 0.28125 0.021634615384615384 0.03245192307692308
1 0.22716346153846154 0.28365384615384615 0.02283653846153846 0.04567307692307692
1 0.31009615384615385 0.2848557692307692 0.02283653846153846 0.038461538461538464
1 0.14423076923076922 0.28966346153846156 0.03245192307692308 0.057692307692307696
0 0.7632211538461539 0.29086538461538464 0.019230769230769232 0.03245192307692308
1 0.0985576923076923 0.2932692307692308 0.026442307692307692 0.056490384615384616
1 0.052884615384615384 0.296875 0.028846153846153848 0.07211538461538461
0 0.796875 0.31971153846153844 0.015625 0.04567307692307692
0 0.7992788461538461 0.3581730769230769 0.02283653846153846 0.051682692307692304
0 0.46153846153846156 0.36177884615384615 0.021634615384615384 0.05048076923076923
0 0.6358173076923077 0.36177884615384615 0.025240384615384616 0.05048076923076923
0 0.8293269230769231 0.36177884615384615 0.03245192307692308 0.06850961538461539
0 0.37259615384615385 0.36177884615384615 0.02283653846153846 0.042067307692307696
0 0.5516826923076923 0.3629807692307692 0.025240384615384616 0.052884615384615384
0 0.7596153846153846 0.3641826923076923 0.03245192307692308 0.056490384615384616
0 0.7223557692307693 0.3713942307692308 0.027644230769230768 0.06009615384615385
0 0.2692307692307692 0.37259615384615385 0.030048076923076924 0.04567307692307692
0 0.21995192307692307 0.3737980769230769 0.02283653846153846 0.04927884615384615
0 0.1658653846153846 0.38341346153846156 0.02403846153846154 0.04927884615384615
0 0.14302884615384615 0.40865384615384615 0.019230769230769232 0.056490384615384616
0 0.1658653846153846 0.43149038461538464 0.02403846153846154 0.046875