1 0.32091346153846156 0.4519230769230769 0.015625 0.036057692307692304
1 0.28966346153846156 0.453125 0.016826923076923076 0.038461538461538464
1 0.25240384615384615 0.46274038461538464 0.019230769230769232 0.038461538461538464
1 0.17427884615384615 0.4795673076923077 0.021634615384615384 0.04567307692307692
0 0.5877403846153846 0.49158653846153844 0.018028846153846152 0.051682692307692304
1 0.08653846153846154 0.49158653846153844 0.021634615384615384 0.051682692307692304
0 0.5516826923076923 0.5024038461538461 0.015625 0.046875
0 0.5180288461538461 0.5048076923076923 0.014423076923076924 0.036057692307692304
0 0.4375 0.5204326923076923 0.028846153846153848 0.057692307692307696
0 0.35336538461538464 0.5396634615384616 0.020432692307692308 0.05048076923076923
0 0.2620192307692308 0.5492788461538461 0.021634615384615384 0.052884615384615384
0 0.15865384615384615 0.5721153846153846 0.026442307692307692 0.0625
0 0.042067307692307696 0.59375 0.026442307692307692 0.052884615384615384
0 0.054086538461538464 0.7487980769230769 0.039663461538461536 0.06971153846153846
0 0.0985576923076923 0.7764423076923077 0.040865384615384616 0.08052884615384616
0 0.140625 0.8149038461538461 0.03365384615384615 0.06850961538461539
0 0.17427884615384615 0.8653846153846154 0.03245192307692308 0.0625
0 0.20673076923076922 0.9290865384615384 0.04567307692307692 0.07451923076923077
1 0.3401442307692308 0.4423076923076923 0.018028846153846152 0.042067307692307696