1 0.28846153846153844 0.04567307692307692 0.020432692307692308 0.04927884615384615
1 0.13942307692307693 0.046875 0.027644230769230768 0.051682692307692304
1 0.19831730769230768 0.04807692307692308 0.025240384615384616 0.0625
1 0.45913461538461536 0.04927884615384615 0.020432692307692308 0.046875
1 0.6177884615384616 0.04927884615384615 0.018028846153846152 0.06490384615384616
0 0.6081730769230769 0.49278846153846156 0.06490384615384616 0.11778846153846154
1 0.04326923076923077 0.052884615384615384 0.028846153846153848 0.056490384615384616
1 0.09735576923076923 0.055288461538461536 0.026442307692307692 0.05889423076923077
0 0.6754807692307693 0.6081730769230769 0.07451923076923077 0.14302884615384615
0 0.7596153846153846 0.7632211538461539 0.09615384615384616 0.19591346153846154
0 0.5612980769230769 0.09615384615384616 0.025240384615384616 0.052884615384615384
0 0.7692307692307693 0.09735576923076923 0.016826923076923076 0.04567307692307692
0 0.8713942307692307 0.10216346153846154 0.026442307692307692 0.046875
0 0.3401442307692308 0.10336538461538461 0.02283653846153846 0.057692307692307696
0 0.4543269230769231 0.10817307692307693 0.02283653846153846 0.05889423076923077
0 0.2824519230769231 0.109375 0.028846153846153848 0.06971153846153846
0 0.6670673076923077 0.109375 0.027644230769230768 0.0625
0 0.19591346153846154 0.13221153846153846 0.025240384615384616 0.06370192307692307
0 0.22355769230769232 0.14903846153846154 0.030048076923076924 0.078125
0 0.25721153846153844 0.16947115384615385 0.037259615384615384 0.0733173076923077
0 0.3076923076923077 0.19831730769230768 0.037259615384615384 0.08052884615384616
0 0.3557692307692308 0.21514423076923078 0.04567307692307692 0.08653846153846154
0 0.4110576923076923 0.24158653846153846 0.03365384615384615 0.07692307692307693
0 0.4579326923076923 0.28846153846153844 0.04447115384615385 0.0829326923076923
0 0.5024038461538461 0.3425480769230769 0.038461538461538464 0.0829326923076923
1 0.5769230769230769 0.037259615384615384 0.018028846153846152 0.040865384615384616
0 0.5480769230769231 0.40384615384615385 0.052884615384615384 0.10817307692307693
1 0.5384615384615384 0.042067307692307696 0.020432692307692308 0.05048076923076923
1 0.3786057692307692 0.04326923076923077 0.020432692307692308 0.04567307692307692