1 0.40625 0.5961538461538461 0.06009615384615385 0.10096153846153846
1 0.17548076923076922 0.8990384615384616 0.10697115384615384 0.15504807692307693
1 0.7848557692307693 0.17427884615384615 0.020432692307692308 0.028846153846153848
1 0.828125 0.17548076923076922 0.019230769230769232 0.030048076923076924
1 0.6959134615384616 0.17668269230769232 0.019230769230769232 0.03125
1 0.7379807692307693 0.1778846153846154 0.019230769230769232 0.028846153846153848
1 0.8834134615384616 0.18028846153846154 0.019230769230769232 0.028846153846153848
1 0.6550480769230769 0.18028846153846154 0.018028846153846152 0.03365384615384615
1 0.9831730769230769 0.1875 0.02283653846153846 0.027644230769230768
1 0.6225961538461539 0.18990384615384615 0.019230769230769232 0.03245192307692308
1 0.59375 0.19471153846153846 0.019230769230769232 0.03245192307692308
1 0.5709134615384616 0.20673076923076922 0.019230769230769232 0.030048076923076924
1 0.5528846153846154 0.21754807692307693 0.019230769230769232 0.03365384615384615
1 0.5396634615384616 0.23197115384615385 0.021634615384615384 0.03485576923076923
0 0.9086538461538461 0.24759615384615385 0.030048076923076924 0.036057692307692304
1 0.5336538461538461 0.24759615384615385 0.02283653846153846 0.03125
0 0.9723557692307693 0.2548076923076923 0.036057692307692304 0.054086538461538464
1 0.53125 0.2692307692307692 0.025240384615384616 0.037259615384615384
0 0.875 0.2704326923076923 0.028846153846153848 0.054086538461538464
0 0.90625 0.28725961538461536 0.03365384615384615 0.078125
1 0.5348557692307693 0.296875 0.025240384615384616 0.046875
0 0.9423076923076923 0.3076923076923077 0.03485576923076923 0.057692307692307696
1 0.5480769230769231 0.3245192307692308 0.026442307692307692 0.04807692307692308
0 0.9903846153846154 0.3389423076923077 0.018028846153846152 0.07211538461538461
1 0.5564903846153846 0.35697115384615385 0.03365384615384615 0.06370192307692307
1 0.5456730769230769 0.39663461538461536 0.036057692307692304 0.078125
1 0.5180288461538461 0.44350961538461536 0.04567307692307692 0.06971153846153846