1 0.39302884615384615 0.48677884615384615 0.03485576923076923 0.08052884615384616
0 0.9206730769230769 0.5036057692307693 0.04567307692307692 0.08653846153846154
1 0.375 0.5697115384615384 0.04326923076923077 0.07692307692307693
0 0.9603365384615384 0.6057692307692307 0.054086538461538464 0.09495192307692307
1 0.765625 0.06850961538461539 0.018028846153846152 0.028846153846153848
1 0.6334134615384616 0.06971153846153846 0.020432692307692308 0.040865384615384616
1 0.859375 0.07211538461538461 0.019230769230769232 0.030048076923076924
1 0.6814903846153846 0.07211538461538461 0.016826923076923076 0.040865384615384616
1 0.9603365384615384 0.07451923076923077 0.021634615384615384 0.040865384615384616
1 0.5961538461538461 0.07692307692307693 0.019230769230769232 0.042067307692307696
1 0.28966346153846156 0.8064903846153846 0.05889423076923077 0.08413461538461539
1 0.5552884615384616 0.08533653846153846 0.014423076923076924 0.04447115384615385
1 0.5144230769230769 0.09254807692307693 0.019230769230769232 0.046875
1 0.4795673076923077 0.1045673076923077 0.02283653846153846 0.04807692307692308
1 0.44591346153846156 0.11899038461538461 0.016826923076923076 0.042067307692307696
1 0.41947115384615385 0.13822115384615385 0.021634615384615384 0.04447115384615385
1 0.39903846153846156 0.16466346153846154 0.026442307692307692 0.04447115384615385
0 0.7548076923076923 0.1778846153846154 0.027644230769230768 0.06129807692307692
1 0.3798076923076923 0.18269230769230768 0.02403846153846154 0.04807692307692308
0 0.703125 0.18389423076923078 0.027644230769230768 0.04567307692307692
0 0.8137019230769231 0.18389423076923078 0.021634615384615384 0.04567307692307692
0 0.9447115384615384 0.18870192307692307 0.02403846153846154 0.052884615384615384
0 0.6742788461538461 0.2091346153846154 0.03365384615384615 0.052884615384615384
1 0.3701923076923077 0.21634615384615385 0.025240384615384616 0.054086538461538464
1 0.36538461538461536 0.2403846153846154 0.028846153846153848 0.038461538461538464
0 0.6983173076923077 0.24158653846153846 0.028846153846153848 0.055288461538461536
0 0.7271634615384616 0.2692307692307692 0.027644230769230768 0.05889423076923077
1 0.36658653846153844 0.28125 0.03125 0.042067307692307696
1 0.375 0.32091346153846156 0.03365384615384615 0.052884615384615384
0 0.7704326923076923 0.3233173076923077 0.026442307692307692 0.0625
1 0.3894230769230769 0.36538461538461536 0.030048076923076924 0.055288461538461536
0 0.8233173076923077 0.3713942307692308 0.03245192307692308 0.06129807692307692
1 0.39903846153846156 0.421875 0.03125 0.078125
0 0.8762019230769231 0.42908653846153844 0.036057692307692304 0.07451923076923077