0 0.7019230769230769 0.4567307692307692 0.03245192307692308 0.051682692307692304
1 0.27524038461538464 0.4579326923076923 0.03365384615384615 0.052884615384615384
1 0.28846153846153844 0.4735576923076923 0.03365384615384615 0.04927884615384615
0 0.7584134615384616 0.47716346153846156 0.04326923076923077 0.056490384615384616
1 0.2920673076923077 0.5072115384615384 0.038461538461538464 0.057692307692307696
0 0.8209134615384616 0.5108173076923077 0.051682692307692304 0.06129807692307692
1 0.2824519230769231 0.5396634615384616 0.051682692307692304 0.06971153846153846
0 0.8786057692307693 0.5576923076923077 0.05048076923076923 0.07692307692307693
1 0.24639423076923078 0.5901442307692307 0.056490384615384616 0.07692307692307693
0 0.9387019230769231 0.6189903846153846 0.06610576923076923 0.1045673076923077
1 0.08774038461538461 0.7608173076923077 0.09134615384615384 0.11899038461538461
1 0.5576923076923077 0.3473557692307692 0.016826923076923076 0.026442307692307692
1 0.6045673076923077 0.3485576923076923 0.016826923076923076 0.02403846153846154
1 0.5228365384615384 0.34975961538461536 0.018028846153846152 0.027644230769230768
1 0.4795673076923077 0.35096153846153844 0.020432692307692308 0.025240384615384616
1 0.4411057692307692 0.35336538461538464 0.018028846153846152 0.028846153846153848
1 0.6838942307692307 0.35336538461538464 0.018028846153846152 0.021634615384615384
1 0.7728365384615384 0.3545673076923077 0.018028846153846152 0.02403846153846154
1 0.4014423076923077 0.3557692307692308 0.019230769230769232 0.03485576923076923
1 0.8665865384615384 0.35697115384615385 0.021634615384615384 0.028846153846153848
1 0.36899038461538464 0.3605769230769231 0.019230769230769232 0.03125
1 0.9627403846153846 0.36177884615384615 0.020432692307692308 0.025240384615384616
1 0.3401442307692308 0.36899038461538464 0.020432692307692308 0.03365384615384615
1 0.3161057692307692 0.37740384615384615 0.02283653846153846 0.03485576923076923
1 0.296875 0.3858173076923077 0.020432692307692308 0.03365384615384615
0 0.6778846153846154 0.3954326923076923 0.02283653846153846 0.040865384615384616
0 0.625 0.3954326923076923 0.026442307692307692 0.030048076923076924
1 0.2800480769230769 0.39903846153846156 0.026442307692307692 0.038461538461538464
0 0.7355769230769231 0.4014423076923077 0.026442307692307692 0.054086538461538464
0 0.6009615384615384 0.40625 0.027644230769230768 0.039663461538461536
0 0.9879807692307693 0.4074519230769231 0.02283653846153846 0.040865384615384616
0 0.8629807692307693 0.40865384615384615 0.03125 0.052884615384615384
1 0.27403846153846156 0.41466346153846156 0.026442307692307692 0.038461538461538464
0 0.6262019230769231 0.4230769230769231 0.026442307692307692 0.046875
1 0.2704326923076923 0.4362980769230769 0.030048076923076924 0.04567307692307692
0 0.6538461538461539 0.43990384615384615 0.027644230769230768 0.05048076923076923