0 0.32572115384615385 0.48197115384615385 0.009615384615384616 0.018028846153846152
0 0.36177884615384615 0.484375 0.008413461538461538 0.019230769230769232
0 0.3485576923076923 0.4855769230769231 0.009615384615384616 0.016826923076923076
0 0.2848557692307692 0.4879807692307692 0.009615384615384616 0.015625
0 0.6826923076923077 0.49158653846153844 0.008413461538461538 0.01201923076923077
0 0.375 0.49158653846153844 0.009615384615384616 0.016826923076923076
0 0.23918269230769232 0.49158653846153844 0.009615384615384616 0.016826923076923076
0 0.3858173076923077 0.49158653846153844 0.009615384615384616 0.016826923076923076
0 0.6742788461538461 0.49278846153846156 0.008413461538461538 0.01201923076923077
0 0.6634615384615384 0.49759615384615385 0.008413461538461538 0.014423076923076924
0 0.19110576923076922 0.49759615384615385 0.010817307692307692 0.019230769230769232
0 0.6538461538461539 0.5 0.008413461538461538 0.013221153846153846
0 0.140625 0.5012019230769231 0.013221153846153846 0.019230769230769232
0 0.6442307692307693 0.5024038461538461 0.008413461538461538 0.015625
0 0.4074519230769231 0.5036057692307693 0.010817307692307692 0.021634615384615384
1 0.8052884615384616 0.5036057692307693 0.008413461538461538 0.014423076923076924
0 0.11298076923076923 0.5048076923076923 0.013221153846153846 0.016826923076923076
0 0.6346153846153846 0.5048076923076923 0.009615384615384616 0.016826923076923076
0 0.08413461538461539 0.5048076923076923 0.014423076923076924 0.019230769230769232
0 0.021634615384615384 0.5060096153846154 0.013221153846153846 0.02403846153846154
0 0.052884615384615384 0.5084134615384616 0.013221153846153846 0.021634615384615384
1 0.7908653846153846 0.5084134615384616 0.008413461538461538 0.013221153846153846
0 0.4338942307692308 0.5096153846153846 0.009615384615384616 0.016826923076923076
0 0.6286057692307693 0.5120192307692307 0.008413461538461538 0.013221153846153846
1 0.7752403846153846 0.5168269230769231 0.009615384615384616 0.013221153846153846
0 0.4675480769230769 0.5168269230769231 0.008413461538461538 0.016826923076923076
1 0.27163461538461536 0.5228365384615384 0.010817307692307692 0.019230769230769232
1 0.2980769230769231 0.5252403846153846 0.009615384615384616 0.014423076923076924
0 0.5024038461538461 0.5252403846153846 0.010817307692307692 0.014423076923076924
1 0.24158653846153846 0.5252403846153846 0.010817307692307692 0.020432692307692308
0 0.6286057692307693 0.5264423076923077 0.010817307692307692 0.019230769230769232
1 0.7692307692307693 0.5264423076923077 0.009615384615384616 0.020432692307692308
1 0.3161057692307692 0.5276442307692307 0.010817307692307692 0.014423076923076924
1 0.1814903846153846 0.5288461538461539 0.013221153846153846 0.020432692307692308
1 0.33413461538461536 0.5324519230769231 0.01201923076923077 0.015625
1 0.11538461538461539 0.5324519230769231 0.014423076923076924 0.028846153846153848
1 0.7728365384615384 0.5336538461538461 0.009615384615384616 0.016826923076923076
0 0.5480769230769231 0.5336538461538461 0.01201923076923077 0.019230769230769232
0 0.5721153846153846 0.5372596153846154 0.01201923076923077 0.020432692307692308
1 0.04447115384615385 0.5372596153846154 0.01201923076923077 0.02403846153846154
0 0.6225961538461539 0.5384615384615384 0.010817307692307692 0.018028846153846152
0 0.5997596153846154 0.5396634615384616 0.01201923076923077 0.018028846153846152
1 0.37259615384615385 0.5420673076923077 0.01201923076923077 0.02403846153846154
1 0.78125 0.5432692307692307 0.013221153846153846 0.019230769230769232
1 0.41225961538461536 0.5504807692307693 0.013221153846153846 0.019230769230769232
1 0.7860576923076923 0.5576923076923077 0.01201923076923077 0.021634615384615384
1 0.4579326923076923 0.5649038461538461 0.014423076923076924 0.025240384615384616
1 0.7788461538461539 0.5685096153846154 0.01201923076923077 0.020432692307692308
1 0.5060096153846154 0.5757211538461539 0.014423076923076924 0.02283653846153846
1 0.765625 0.5757211538461539 0.014423076923076924 0.02283653846153846
1 0.5408653846153846 0.5805288461538461 0.014423076923076924 0.025240384615384616
1 0.7487980769230769 0.5817307692307693 0.016826923076923076 0.027644230769230768
1 0.7223557692307693 0.5841346153846154 0.016826923076923076 0.026442307692307692
1 0.5745192307692307 0.5865384615384616 0.015625 0.026442307692307692
1 0.6911057692307693 0.5889423076923077 0.019230769230769232 0.02283653846153846
1 0.6538461538461539 0.5889423076923077 0.016826923076923076 0.02403846153846154
1 0.6153846153846154 0.5901442307692307 0.016826923076923076 0.027644230769230768