0 0.24759615384615385 0.24278846153846154 0.01201923076923077 0.016826923076923076
0 0.8978365384615384 0.24759615384615385 0.016826923076923076 0.026442307692307692
0 0.9314903846153846 0.24879807692307693 0.015625 0.021634615384615384
0 0.8713942307692307 0.25 0.013221153846153846 0.02403846153846154
0 0.9663461538461539 0.2536057692307692 0.014423076923076924 0.021634615384615384
0 0.27403846153846156 0.25600961538461536 0.01201923076923077 0.018028846153846152
0 0.84375 0.25961538461538464 0.015625 0.030048076923076924
0 0.29927884615384615 0.26322115384615385 0.015625 0.020432692307692308
1 0.09615384615384616 0.265625 0.01201923076923077 0.018028846153846152
0 0.32572115384615385 0.2692307692307692 0.01201923076923077 0.02403846153846154
0 0.8149038461538461 0.27283653846153844 0.014423076923076924 0.026442307692307692
1 0.1045673076923077 0.27283653846153844 0.015625 0.019230769230769232
0 0.359375 0.2776442307692308 0.016826923076923076 0.02283653846153846
1 0.12379807692307693 0.2848557692307692 0.013221153846153846 0.019230769230769232
0 0.7836538461538461 0.28725961538461536 0.018028846153846152 0.030048076923076924
0 0.3954326923076923 0.28846153846153844 0.016826923076923076 0.021634615384615384
1 0.14182692307692307 0.2932692307692308 0.014423076923076924 0.021634615384615384
0 0.7439903846153846 0.3004807692307692 0.014423076923076924 0.020432692307692308
0 0.4387019230769231 0.30288461538461536 0.016826923076923076 0.025240384615384616
0 0.7223557692307693 0.3076923076923077 0.01201923076923077 0.02283653846153846
1 0.16706730769230768 0.3088942307692308 0.016826923076923076 0.027644230769230768
0 0.48677884615384615 0.31850961538461536 0.016826923076923076 0.025240384615384616
0 0.6911057692307693 0.31971153846153844 0.019230769230769232 0.03485576923076923
1 0.19591346153846154 0.3233173076923077 0.018028846153846152 0.027644230769230768
0 0.5144230769230769 0.3245192307692308 0.016826923076923076 0.026442307692307692
0 0.6586538461538461 0.328125 0.019230769230769232 0.026442307692307692
0 0.6262019230769231 0.3329326923076923 0.016826923076923076 0.028846153846153848
0 0.5480769230769231 0.33413461538461536 0.018028846153846152 0.026442307692307692
0 0.5865384615384616 0.33774038461538464 0.019230769230769232 0.03485576923076923
1 0.22956730769230768 0.33774038461538464 0.019230769230769232 0.028846153846153848
1 0.9927884615384616 0.3473557692307692 0.009615384615384616 0.036057692307692304
1 0.26802884615384615 0.35697115384615385 0.021634615384615384 0.03245192307692308
1 0.9362980769230769 0.36778846153846156 0.026442307692307692 0.03365384615384615
1 0.3161057692307692 0.38461538461538464 0.021634615384615384 0.042067307692307696
1 0.8653846153846154 0.3894230769230769 0.026442307692307692 0.038461538461538464
1 0.7836538461538461 0.40625 0.025240384615384616 0.038461538461538464
1 0.3701923076923077 0.40865384615384615 0.021634615384615384 0.037259615384615384
1 0.7367788461538461 0.41466346153846156 0.02403846153846154 0.040865384615384616
1 0.41346153846153844 0.4206730769230769 0.02403846153846154 0.042067307692307696
1 0.46634615384615385 0.421875 0.02403846153846154 0.03245192307692308
1 0.515625 0.42908653846153844 0.025240384615384616 0.03245192307692308
1 0.6899038461538461 0.42908653846153844 0.02403846153846154 0.039663461538461536
1 0.6334134615384616 0.4326923076923077 0.025240384615384616 0.039663461538461536
1 0.5697115384615384 0.4326923076923077 0.027644230769230768 0.03365384615384615