1 0.5637019230769231 0.45552884615384615 0.025240384615384616 0.042067307692307696
1 0.6141826923076923 0.46875 0.027644230769230768 0.04326923076923077
1 0.9134615384615384 0.47596153846153844 0.028846153846153848 0.042067307692307696
1 0.8569711538461539 0.4795673076923077 0.030048076923076924 0.037259615384615384
1 0.6706730769230769 0.4807692307692308 0.028846153846153848 0.040865384615384616
1 0.8052884615384616 0.48677884615384615 0.030048076923076924 0.04567307692307692
1 0.7403846153846154 0.4891826923076923 0.027644230769230768 0.04447115384615385
0 0.36778846153846156 0.24879807692307693 0.009615384615384616 0.013221153846153846
1 0.22716346153846154 0.25600961538461536 0.009615384615384616 0.013221153846153846
0 0.3894230769230769 0.25961538461538464 0.009615384615384616 0.01201923076923077
0 0.41346153846153844 0.26802884615384615 0.009615384615384616 0.015625
1 0.234375 0.26802884615384615 0.01201923076923077 0.016826923076923076
1 0.24759615384615385 0.2776442307692308 0.013221153846153846 0.018028846153846152
0 0.4362980769230769 0.2776442307692308 0.010817307692307692 0.019230769230769232
1 0.2644230769230769 0.29086538461538464 0.014423076923076924 0.02403846153846154
0 0.4675480769230769 0.2920673076923077 0.014423076923076924 0.02403846153846154
1 0.2860576923076923 0.30649038461538464 0.014423076923076924 0.02403846153846154
0 0.5036057692307693 0.3088942307692308 0.014423076923076924 0.025240384615384616
0 0.9915865384615384 0.3137019230769231 0.015625 0.028846153846153848
1 0.3112980769230769 0.32211538461538464 0.014423076923076924 0.027644230769230768
0 0.5432692307692307 0.3245192307692308 0.018028846153846152 0.025240384615384616
0 0.9591346153846154 0.3269230769230769 0.019230769230769232 0.03125
0 0.921875 0.33533653846153844 0.018028846153846152 0.03365384615384615
1 0.3389423076923077 0.34134615384615385 0.018028846153846152 0.028846153846153848
0 0.59375 0.3425480769230769 0.014423076923076924 0.03125
0 0.8762019230769231 0.35096153846153844 0.015625 0.027644230769230768
0 0.6213942307692307 0.3545673076923077 0.018028846153846152 0.028846153846153848
0 0.8485576923076923 0.35697115384615385 0.019230769230769232 0.03125
0 0.8161057692307693 0.3629807692307692 0.02283653846153846 0.026442307692307692
1 0.3737980769230769 0.36658653846153844 0.019230769230769232 0.03245192307692308
0 0.6550480769230769 0.36658653846153844 0.018028846153846152 0.03245192307692308
0 0.7800480769230769 0.36899038461538464 0.019230769230769232 0.03365384615384615
0 0.7415865384615384 0.3701923076923077 0.020432692307692308 0.027644230769230768
0 0.6971153846153846 0.37259615384615385 0.019230769230769232 0.036057692307692304
1 0.41586538461538464 0.3954326923076923 0.020432692307692308 0.036057692307692304
1 0.4675480769230769 0.4254807692307692 0.02283653846153846 0.03365384615384615
1 0.5072115384615384 0.43990384615384615 0.021634615384615384 0.036057692307692304