1 0.21995192307692307 0.45072115384615385 0.02403846153846154 0.030048076923076924
1 0.15144230769230768 0.49158653846153844 0.021634615384615384 0.036057692307692304
1 0.06009615384615385 0.5360576923076923 0.028846153846153848 0.038461538461538464
1 0.008413461538461538 0.5673076923076923 0.016826923076923076 0.04447115384615385
1 0.5769230769230769 0.28125 0.008413461538461538 0.01201923076923077
1 0.5901442307692307 0.28365384615384615 0.009615384615384616 0.01201923076923077
0 0.4807692307692308 0.28725961538461536 0.007211538461538462 0.016826923076923076
0 0.4891826923076923 0.2920673076923077 0.007211538461538462 0.014423076923076924
1 0.6069711538461539 0.2920673076923077 0.010817307692307692 0.014423076923076924
1 0.6189903846153846 0.2956730769230769 0.009615384615384616 0.015625
0 0.49399038461538464 0.2956730769230769 0.006009615384615385 0.01201923076923077
1 0.6322115384615384 0.296875 0.010817307692307692 0.014423076923076924
0 0.5012019230769231 0.29927884615384615 0.008413461538461538 0.015625
1 0.6502403846153846 0.3004807692307692 0.008413461538461538 0.01201923076923077
0 0.5084134615384616 0.3016826923076923 0.007211538461538462 0.013221153846153846
1 0.6706730769230769 0.30288461538461536 0.009615384615384616 0.013221153846153846
0 0.5204326923076923 0.30528846153846156 0.010817307692307692 0.013221153846153846
1 0.6887019230769231 0.30528846153846156 0.008413461538461538 0.013221153846153846
0 0.5372596153846154 0.3076923076923077 0.008413461538461538 0.014423076923076924
1 0.7091346153846154 0.3088942307692308 0.010817307692307692 0.014423076923076924
0 0.5552884615384616 0.31009615384615385 0.010817307692307692 0.014423076923076924
1 0.7271634615384616 0.3125 0.010817307692307692 0.014423076923076924
0 0.5757211538461539 0.3161057692307692 0.010817307692307692 0.016826923076923076
0 0.5913461538461539 0.3173076923076923 0.009615384615384616 0.013221153846153846
1 0.7463942307692307 0.3173076923076923 0.010817307692307692 0.016826923076923076
1 0.7584134615384616 0.32211538461538464 0.010817307692307692 0.015625
0 0.609375 0.32211538461538464 0.010817307692307692 0.016826923076923076
1 0.7704326923076923 0.328125 0.010817307692307692 0.018028846153846152
0 0.6081730769230769 0.3293269230769231 0.010817307692307692 0.015625
0 0.5877403846153846 0.3317307692307692 0.01201923076923077 0.019230769230769232
0 0.5625 0.3329326923076923 0.010817307692307692 0.018028846153846152
0 0.5084134615384616 0.33533653846153844 0.009615384615384616 0.013221153846153846
0 0.4543269230769231 0.33653846153846156 0.01201923076923077 0.019230769230769232
0 0.2800480769230769 0.33774038461538464 0.013221153846153846 0.016826923076923076
1 0.7800480769230769 0.33774038461538464 0.01201923076923077 0.020432692307692308
0 0.22115384615384615 0.33774038461538464 0.01201923076923077 0.020432692307692308
0 0.2512019230769231 0.3389423076923077 0.01201923076923077 0.019230769230769232
0 0.19110576923076922 0.3389423076923077 0.013221153846153846 0.019230769230769232
0 0.33774038461538464 0.3389423076923077 0.010817307692307692 0.016826923076923076
0 0.3954326923076923 0.3401442307692308 0.013221153846153846 0.018028846153846152
1 0.7740384615384616 0.3449519230769231 0.01201923076923077 0.016826923076923076
0 0.16706730769230768 0.3449519230769231 0.01201923076923077 0.02403846153846154
1 0.7608173076923077 0.35216346153846156 0.013221153846153846 0.016826923076923076
1 0.7427884615384616 0.3557692307692308 0.01201923076923077 0.018028846153846152
0 0.13822115384615385 0.3557692307692308 0.018028846153846152 0.021634615384615384
1 0.7223557692307693 0.3581730769230769 0.014423076923076924 0.019230769230769232
1 0.6911057692307693 0.3641826923076923 0.015625 0.020432692307692308
1 0.6310096153846154 0.36778846153846156 0.01201923076923077 0.018028846153846152
1 0.5685096153846154 0.36899038461538464 0.014423076923076924 0.019230769230769232
1 0.5 0.3737980769230769 0.014423076923076924 0.021634615384615384
0 0.10697115384615384 0.375 0.018028846153846152 0.021634615384615384
1 0.4326923076923077 0.3786057692307692 0.014423076923076924 0.020432692307692308
1 0.39783653846153844 0.3786057692307692 0.016826923076923076 0.02403846153846154
1 0.36177884615384615 0.3858173076923077 0.015625 0.026442307692307692
1 0.33413461538461536 0.38822115384615385 0.016826923076923076 0.02403846153846154
0 0.06971153846153846 0.3954326923076923 0.019230769230769232 0.026442307692307692
1 0.31490384615384615 0.39783653846153844 0.018028846153846152 0.02283653846153846
1 0.27403846153846156 0.42427884615384615 0.018028846153846152 0.028846153846153848
0 0.02283653846153846 0.42427884615384615 0.019230769230769232 0.036057692307692304