1 0.5024038461538461 0.453125 0.042067307692307696 0.04807692307692308
1 0.328125 0.4723557692307692 0.042067307692307696 0.04927884615384615
1 0.0985576923076923 0.49399038461538464 0.04567307692307692 0.057692307692307696
1 0.7716346153846154 0.2704326923076923 0.007211538461538462 0.010817307692307692
1 0.7884615384615384 0.2704326923076923 0.007211538461538462 0.010817307692307692
1 0.8810096153846154 0.2764423076923077 0.008413461538461538 0.013221153846153846
1 0.9002403846153846 0.2764423076923077 0.007211538461538462 0.009615384615384616
1 0.9206730769230769 0.2776442307692308 0.008413461538461538 0.010817307692307692
1 0.9375 0.27884615384615385 0.007211538461538462 0.010817307692307692
1 0.9567307692307693 0.28125 0.008413461538461538 0.013221153846153846
1 0.9735576923076923 0.28125 0.008413461538461538 0.010817307692307692
1 0.9867788461538461 0.28125 0.008413461538461538 0.010817307692307692
1 0.9951923076923077 0.28966346153846156 0.008413461538461538 0.018028846153846152
1 0.9795673076923077 0.2932692307692308 0.008413461538461538 0.015625
1 0.9350961538461539 0.29447115384615385 0.009615384615384616 0.015625
1 0.9579326923076923 0.29447115384615385 0.01201923076923077 0.013221153846153846
1 0.9110576923076923 0.296875 0.009615384615384616 0.014423076923076924
0 0.6983173076923077 0.296875 0.009615384615384616 0.016826923076923076
1 0.8990384615384616 0.2980769230769231 0.010817307692307692 0.018028846153846152
1 0.8894230769230769 0.3004807692307692 0.013221153846153846 0.018028846153846152
0 0.7355769230769231 0.30408653846153844 0.013221153846153846 0.019230769230769232
1 0.9098557692307693 0.30408653846153844 0.01201923076923077 0.013221153846153846
0 0.7788461538461539 0.30528846153846156 0.014423076923076924 0.016826923076923076
1 0.9495192307692307 0.31009615384615385 0.013221153846153846 0.016826923076923076
0 0.8245192307692307 0.31490384615384615 0.015625 0.019230769230769232
1 0.9927884615384616 0.3161057692307692 0.013221153846153846 0.019230769230769232
0 0.8461538461538461 0.31971153846153844 0.015625 0.020432692307692308
0 0.8737980769230769 0.328125 0.013221153846153846 0.02283653846153846
0 0.8966346153846154 0.33052884615384615 0.014423076923076924 0.02403846153846154
0 0.9290865384615384 0.3401442307692308 0.028846153846153848 0.03365384615384615
0 0.8978365384615384 0.3473557692307692 0.019230769230769232 0.03245192307692308
0 0.8665865384615384 0.34975961538461536 0.02403846153846154 0.03245192307692308
0 0.7980769230769231 0.35096153846153844 0.02283653846153846 0.03485576923076923
0 0.7235576923076923 0.3545673076923077 0.021634615384615384 0.03485576923076923
0 0.640625 0.35697115384615385 0.028846153846153848 0.036057692307692304
0 0.5444711538461539 0.3629807692307692 0.027644230769230768 0.03485576923076923
0 0.4495192307692308 0.3701923076923077 0.026442307692307692 0.03125
0 0.3401442307692308 0.3786057692307692 0.025240384615384616 0.03125
0 0.19230769230769232 0.38461538461538464 0.026442307692307692 0.03485576923076923
1 0.9867788461538461 0.40865384615384615 0.021634615384615384 0.04807692307692308
1 0.8918269230769231 0.41466346153846156 0.037259615384615384 0.04447115384615385
1 0.7836538461538461 0.4266826923076923 0.03365384615384615 0.04326923076923077
1 0.6550480769230769 0.43990384615384615 0.03485576923076923 0.04447115384615385