1 0.33533653846153844 0.5180288461538461 0.038461538461538464 0.057692307692307696
0 0.8521634615384616 0.609375 0.04567307692307692 0.06850961538461539
1 0.29927884615384615 0.7740384615384616 0.06009615384615385 0.07692307692307693
1 0.4495192307692308 0.15745192307692307 0.010817307692307692 0.016826923076923076
1 0.42788461538461536 0.15985576923076922 0.010817307692307692 0.014423076923076924
1 0.4026442307692308 0.1622596153846154 0.009615384615384616 0.014423076923076924
1 0.3786057692307692 0.1658653846153846 0.01201923076923077 0.014423076923076924
1 0.35697115384615385 0.17307692307692307 0.01201923076923077 0.015625
1 0.33653846153846156 0.1778846153846154 0.010817307692307692 0.015625
1 0.32211538461538464 0.18870192307692307 0.01201923076923077 0.019230769230769232
1 0.31009615384615385 0.19831730769230768 0.013221153846153846 0.015625
1 0.3004807692307692 0.21033653846153846 0.016826923076923076 0.015625
1 0.296875 0.22115384615384615 0.015625 0.016826923076923076
1 0.29927884615384615 0.23557692307692307 0.018028846153846152 0.020432692307692308
1 0.30528846153846156 0.25 0.019230769230769232 0.021634615384615384
1 0.3161057692307692 0.2668269230769231 0.019230769230769232 0.025240384615384616
1 0.3317307692307692 0.2848557692307692 0.021634615384615384 0.028846153846153848
1 0.3473557692307692 0.31009615384615385 0.02403846153846154 0.028846153846153848
1 0.35336538461538464 0.34375 0.028846153846153848 0.038461538461538464
1 0.35336538461538464 0.3894230769230769 0.027644230769230768 0.04326923076923077