0 0.7536057692307693 0.5012019230769231 0.03365384615384615 0.04807692307692308
1 0.296875 0.5564903846153846 0.15144230769230768 0.28125
0 0.7980769230769231 0.5649038461538461 0.042067307692307696 0.056490384615384616
1 0.3269230769230769 0.5661057692307693 0.04447115384615385 0.06971153846153846
1 0.6598557692307693 0.6225961538461539 0.27884615384615385 0.39663461538461536
0 0.8533653846153846 0.6382211538461539 0.05048076923076923 0.06610576923076923
0 0.9074519230769231 0.7199519230769231 0.057692307692307696 0.07211538461538461
1 0.23918269230769232 0.7872596153846154 0.027644230769230768 0.003605769230769231
1 0.22115384615384615 0.7884615384615384 0.040865384615384616 0.006009615384615385
1 0.22235576923076922 0.7884615384615384 0.02283653846153846 0.02403846153846154
1 0.25 0.8100961538461539 0.025240384615384616 0.040865384615384616
1 0.25600961538461536 0.8221153846153846 0.078125 0.10096153846153846
1 0.2620192307692308 0.828125 0.09495192307692307 0.09975961538461539
1 0.45913461538461536 0.23317307692307693 0.010817307692307692 0.014423076923076924
1 0.43509615384615385 0.23317307692307693 0.01201923076923077 0.014423076923076924
1 0.4807692307692308 0.234375 0.010817307692307692 0.014423076923076924
1 0.41225961538461536 0.234375 0.01201923076923077 0.015625
1 0.3894230769230769 0.23677884615384615 0.01201923076923077 0.016826923076923076
1 0.5072115384615384 0.23677884615384615 0.01201923076923077 0.014423076923076924
1 0.3701923076923077 0.2403846153846154 0.013221153846153846 0.016826923076923076
1 0.5528846153846154 0.2439903846153846 0.010817307692307692 0.015625
1 0.35336538461538464 0.24759615384615385 0.014423076923076924 0.018028846153846152
1 0.765625 0.24879807692307693 0.007211538461538462 0.009615384615384616
1 0.7572115384615384 0.24879807692307693 0.008413461538461538 0.010817307692307692
1 0.7512019230769231 0.25 0.007211538461538462 0.01201923076923077
1 0.7752403846153846 0.25 0.007211538461538462 0.008413461538461538
1 0.6009615384615384 0.2512019230769231 0.01201923076923077 0.015625
1 0.7860576923076923 0.25240384615384615 0.008413461538461538 0.009615384615384616
1 0.3425480769230769 0.2548076923076923 0.013221153846153846 0.018028846153846152
1 0.7992788461538461 0.25600961538461536 0.007211538461538462 0.009615384615384616
1 0.7487980769230769 0.25841346153846156 0.008413461538461538 0.01201923076923077
1 0.8125 0.25961538461538464 0.007211538461538462 0.008413461538461538
1 0.6478365384615384 0.25961538461538464 0.01201923076923077 0.015625
1 0.3317307692307692 0.26322115384615385 0.016826923076923076 0.020432692307692308
1 0.7475961538461539 0.2668269230769231 0.009615384615384616 0.010817307692307692
1 0.84375 0.26802884615384615 0.008413461538461538 0.008413461538461538
1 0.6947115384615384 0.2704326923076923 0.01201923076923077 0.014423076923076924
1 0.32572115384615385 0.27283653846153844 0.018028846153846152 0.020432692307692308
1 0.7163461538461539 0.27403846153846156 0.01201923076923077 0.014423076923076924
1 0.8737980769230769 0.2764423076923077 0.006009615384615385 0.008413461538461538
1 0.7487980769230769 0.2764423076923077 0.01201923076923077 0.015625
0 0.53125 0.2800480769230769 0.016826923076923076 0.020432692307692308
0 0.5600961538461539 0.2800480769230769 0.014423076923076924 0.020432692307692308
1 0.7379807692307693 0.2800480769230769 0.010817307692307692 0.014423076923076924
0 0.8509615384615384 0.28125 0.006009615384615385 0.008413461538461538
0 0.8641826923076923 0.28365384615384615 0.007211538461538462 0.008413461538461538
0 0.8473557692307693 0.28365384615384615 0.007211538461538462 0.008413461538461538
0 0.5901442307692307 0.2848557692307692 0.015625 0.020432692307692308
1 0.9050480769230769 0.2848557692307692 0.007211538461538462 0.008413461538461538
0 0.5204326923076923 0.28725961538461536 0.014423076923076924 0.021634615384615384
1 0.3269230769230769 0.28725961538461536 0.018028846153846152 0.021634615384615384
0 0.8798076923076923 0.28725961538461536 0.007211538461538462 0.008413461538461538
0 0.8533653846153846 0.28966346153846156 0.007211538461538462 0.010817307692307692
0 0.8978365384615384 0.2932692307692308 0.007211538461538462 0.008413461538461538
1 0.9362980769230769 0.29447115384615385 0.008413461538461538 0.009615384615384616
0 0.8617788461538461 0.2956730769230769 0.010817307692307692 0.013221153846153846
0 0.6538461538461539 0.296875 0.015625 0.020432692307692308
0 0.5384615384615384 0.3004807692307692 0.016826923076923076 0.02403846153846154
0 0.8701923076923077 0.3004807692307692 0.010817307692307692 0.014423076923076924
1 0.33052884615384615 0.30288461538461536 0.020432692307692308 0.021634615384615384
0 0.9338942307692307 0.30408653846153844 0.008413461538461538 0.009615384615384616
1 0.9663461538461539 0.30528846153846156 0.008413461538461538 0.009615384615384616
0 0.7151442307692307 0.3088942307692308 0.014423076923076924 0.020432692307692308
0 0.5552884615384616 0.3137019230769231 0.016826923076923076 0.028846153846153848
0 0.8930288461538461 0.3137019230769231 0.014423076923076924 0.015625
1 0.9951923076923077 0.3137019230769231 0.007211538461538462 0.009615384615384616
0 0.96875 0.31490384615384615 0.009615384615384616 0.01201923076923077
1 0.3401442307692308 0.31971153846153844 0.02283653846153846 0.028846153846153848
0 0.7800480769230769 0.3269230769230769 0.015625 0.020432692307692308
0 0.921875 0.33052884615384615 0.013221153846153846 0.019230769230769232
0 0.5865384615384616 0.3329326923076923 0.018028846153846152 0.028846153846153848
1 0.3545673076923077 0.3401442307692308 0.02403846153846154 0.03365384615384615
0 0.8473557692307693 0.34375 0.016826923076923076 0.021634615384615384
0 0.9567307692307693 0.3485576923076923 0.015625 0.019230769230769232
0 0.6201923076923077 0.35336538461538464 0.020432692307692308 0.03245192307692308
1 0.36538461538461536 0.3605769230769231 0.025240384615384616 0.036057692307692304
0 0.9146634615384616 0.3629807692307692 0.018028846153846152 0.021634615384615384
0 0.9471153846153846 0.3713942307692308 0.016826923076923076 0.02283653846153846
0 0.9915865384615384 0.37259615384615385 0.015625 0.020432692307692308
0 0.6538461538461539 0.3786057692307692 0.02403846153846154 0.03485576923076923
0 0.9771634615384616 0.3786057692307692 0.018028846153846152 0.02403846153846154
0 0.9927884615384616 0.38100961538461536 0.009615384615384616 0.021634615384615384
1 0.3701923076923077 0.3954326923076923 0.028846153846153848 0.040865384615384616
0 0.6862980769230769 0.41225961538461536 0.026442307692307692 0.037259615384615384
1 0.36538461538461536 0.4338942307692308 0.03245192307692308 0.046875
0 0.71875 0.45072115384615385 0.028846153846153848 0.038461538461538464