1 0.41346153846153844 0.4735576923076923 0.021634615384615384 0.027644230769230768
0 0.5997596153846154 0.4855769230769231 0.015625 0.03365384615384615
1 0.4230769230769231 0.49278846153846156 0.02283653846153846 0.030048076923076924
0 0.6177884615384616 0.5024038461538461 0.019230769230769232 0.030048076923076924
1 0.43509615384615385 0.5084134615384616 0.028846153846153848 0.037259615384615384
0 0.6358173076923077 0.5204326923076923 0.021634615384615384 0.038461538461538464
1 0.44591346153846156 0.5300480769230769 0.02403846153846154 0.039663461538461536
0 0.6730769230769231 0.5360576923076923 0.02403846153846154 0.040865384615384616
0 0.7091346153846154 0.5600961538461539 0.026442307692307692 0.042067307692307696
1 0.4483173076923077 0.5637019230769231 0.030048076923076924 0.04447115384615385
0 0.7475961538461539 0.5853365384615384 0.03365384615384615 0.04326923076923077
1 0.4423076923076923 0.5997596153846154 0.03125 0.04807692307692308
0 0.7860576923076923 0.6177884615384616 0.037259615384615384 0.04807692307692308
0 0.8293269230769231 0.6634615384615384 0.04447115384615385 0.06009615384615385
0 0.875 0.7067307692307693 0.04447115384615385 0.06850961538461539
1 0.4026442307692308 0.7103365384615384 0.04567307692307692 0.07692307692307693
0 0.9375 0.7716346153846154 0.04927884615384615 0.078125
1 0.30288461538461536 0.9338942307692307 0.08413461538461539 0.10216346153846154