1 0.6875 0.4675480769230769 0.01201923076923077 0.015625
1 0.4206730769230769 0.4735576923076923 0.020432692307692308 0.02283653846153846
1 0.7379807692307693 0.4795673076923077 0.010817307692307692 0.015625
1 0.7896634615384616 0.49278846153846156 0.01201923076923077 0.015625
1 0.43028846153846156 0.4951923076923077 0.018028846153846152 0.03365384615384615
0 0.6057692307692307 0.4951923076923077 0.014423076923076924 0.042067307692307696
0 0.6466346153846154 0.4963942307692308 0.01201923076923077 0.03245192307692308
1 0.8161057692307693 0.5 0.01201923076923077 0.016826923076923076
0 0.6790865384615384 0.5036057692307693 0.015625 0.027644230769230768
1 0.8413461538461539 0.5048076923076923 0.01201923076923077 0.015625
0 0.625 0.515625 0.018028846153846152 0.036057692307692304
1 0.43990384615384615 0.5168269230769231 0.021634615384615384 0.030048076923076924
0 0.7463942307692307 0.5276442307692307 0.015625 0.02403846153846154
0 0.6442307692307693 0.5324519230769231 0.019230769230769232 0.03485576923076923
1 0.4519230769230769 0.5384615384615384 0.03125 0.04567307692307692
0 0.8161057692307693 0.5408653846153846 0.015625 0.027644230769230768
0 0.671875 0.5444711538461539 0.025240384615384616 0.039663461538461536
0 0.8918269230769231 0.5612980769230769 0.013221153846153846 0.027644230769230768
1 0.45552884615384615 0.5709134615384616 0.027644230769230768 0.038461538461538464
0 0.9711538461538461 0.5733173076923077 0.019230769230769232 0.02283653846153846
0 0.7151442307692307 0.5733173076923077 0.025240384615384616 0.03365384615384615
0 0.7512019230769231 0.6033653846153846 0.028846153846153848 0.04567307692307692
1 0.45072115384615385 0.6129807692307693 0.04447115384615385 0.07091346153846154
0 0.7908653846153846 0.640625 0.03125 0.06009615384615385
0 0.8317307692307693 0.6790865384615384 0.028846153846153848 0.055288461538461536
1 0.40625 0.7223557692307693 0.04927884615384615 0.09014423076923077
0 0.8762019230769231 0.7271634615384616 0.03485576923076923 0.052884615384615384
0 0.9375 0.7908653846153846 0.054086538461538464 0.07451923076923077
1 0.3137019230769231 0.9362980769230769 0.07091346153846154 0.10697115384615384
1 0.47716346153846156 0.4254807692307692 0.010817307692307692 0.015625
1 0.45913461538461536 0.4254807692307692 0.01201923076923077 0.016826923076923076
1 0.49759615384615385 0.4266826923076923 0.01201923076923077 0.015625
1 0.44350961538461536 0.42908653846153844 0.01201923076923077 0.018028846153846152
1 0.5192307692307693 0.42908653846153844 0.01201923076923077 0.015625
1 0.5432692307692307 0.43149038461538464 0.010817307692307692 0.015625
1 0.4326923076923077 0.43509615384615385 0.01201923076923077 0.016826923076923076
1 0.5649038461538461 0.43509615384615385 0.009615384615384616 0.015625
1 0.4230769230769231 0.4411057692307692 0.014423076923076924 0.020432692307692308
1 0.5913461538461539 0.4423076923076923 0.010817307692307692 0.013221153846153846
1 0.4182692307692308 0.4495192307692308 0.015625 0.019230769230769232
1 0.6370192307692307 0.4543269230769231 0.01201923076923077 0.014423076923076924
1 0.41586538461538464 0.46033653846153844 0.015625 0.020432692307692308