1 0.9206730769230769 0.4651442307692308 0.008413461538461538 0.008413461538461538
0 0.6442307692307693 0.4651442307692308 0.013221153846153846 0.019230769230769232
1 0.4254807692307692 0.46634615384615385 0.019230769230769232 0.030048076923076924
0 0.6033653846153846 0.46634615384615385 0.015625 0.021634615384615384
1 0.7872596153846154 0.4675480769230769 0.01201923076923077 0.014423076923076924
1 0.8473557692307693 0.4699519230769231 0.009615384615384616 0.013221153846153846
0 0.6754807692307693 0.47115384615384615 0.015625 0.021634615384615384
1 0.8137019230769231 0.47475961538461536 0.013221153846153846 0.014423076923076924
1 0.9567307692307693 0.47475961538461536 0.007211538461538462 0.009615384615384616
0 0.6225961538461539 0.4795673076923077 0.015625 0.02283653846153846
1 0.8377403846153846 0.4807692307692308 0.01201923076923077 0.013221153846153846
1 0.8509615384615384 0.4807692307692308 0.014423076923076924 0.016826923076923076
1 0.4387019230769231 0.4855769230769231 0.02283653846153846 0.036057692307692304
1 0.9903846153846154 0.4855769230769231 0.007211538461538462 0.009615384615384616
0 0.7439903846153846 0.49038461538461536 0.014423076923076924 0.019230769230769232
1 0.9639423076923077 0.49158653846153844 0.009615384615384616 0.014423076923076924
1 0.9783653846153846 0.49158653846153844 0.009615384615384616 0.009615384615384616
0 0.640625 0.49399038461538464 0.018028846153846152 0.025240384615384616
1 0.9963942307692307 0.4963942307692308 0.002403846153846154 0.01201923076923077
1 0.9711538461538461 0.4987980769230769 0.009615384615384616 0.010817307692307692
1 0.9783653846153846 0.5036057692307693 0.009615384615384616 0.009615384615384616
1 0.9879807692307693 0.5072115384615384 0.010817307692307692 0.007211538461538462
1 0.4495192307692308 0.5084134615384616 0.025240384615384616 0.038461538461538464
0 0.8137019230769231 0.5084134615384616 0.016826923076923076 0.020432692307692308
0 0.6730769230769231 0.5168269230769231 0.021634615384615384 0.027644230769230768
0 0.8894230769230769 0.5276442307692307 0.018028846153846152 0.016826923076923076
0 0.7115384615384616 0.5396634615384616 0.02283653846153846 0.03365384615384615
1 0.453125 0.5420673076923077 0.025240384615384616 0.042067307692307696
0 0.9663461538461539 0.5504807692307693 0.019230769230769232 0.019230769230769232
0 0.7487980769230769 0.5685096153846154 0.025240384615384616 0.036057692307692304
1 0.4483173076923077 0.5757211538461539 0.03125 0.05048076923076923
0 0.7872596153846154 0.6021634615384616 0.03125 0.038461538461538464
0 0.828125 0.6466346153846154 0.036057692307692304 0.040865384615384616
1 0.4050480769230769 0.6887019230769231 0.04807692307692308 0.08173076923076923
0 0.8725961538461539 0.6935096153846154 0.039663461538461536 0.04807692307692308
0 0.9302884615384616 0.7524038461538461 0.04927884615384615 0.06009615384615385
0 0.9867788461538461 0.8257211538461539 0.025240384615384616 0.05889423076923077
1 0.3088942307692308 0.9134615384615384 0.08413461538461539 0.10817307692307693
1 0.47475961538461536 0.40024038461538464 0.01201923076923077 0.019230769230769232
1 0.4567307692307692 0.4014423076923077 0.01201923076923077 0.018028846153846152
1 0.4951923076923077 0.4026442307692308 0.010817307692307692 0.015625
1 0.5168269230769231 0.4026442307692308 0.013221153846153846 0.014423076923076924
1 0.4411057692307692 0.40384615384615385 0.013221153846153846 0.019230769230769232
1 0.5420673076923077 0.4074519230769231 0.009615384615384616 0.015625
1 0.43028846153846156 0.4098557692307692 0.01201923076923077 0.021634615384615384
1 0.5625 0.4110576923076923 0.010817307692307692 0.015625
1 0.4206730769230769 0.4170673076923077 0.013221153846153846 0.02403846153846154
1 0.5889423076923077 0.4170673076923077 0.010817307692307692 0.015625
1 0.41466346153846156 0.4254807692307692 0.015625 0.021634615384615384
1 0.6358173076923077 0.42908653846153844 0.01201923076923077 0.014423076923076924
1 0.41466346153846156 0.43509615384615385 0.015625 0.021634615384615384
1 0.6850961538461539 0.4411057692307692 0.010817307692307692 0.014423076923076924
1 0.8521634615384616 0.45072115384615385 0.006009615384615385 0.01201923076923077
1 0.4182692307692308 0.45072115384615385 0.016826923076923076 0.026442307692307692
1 0.8569711538461539 0.4519230769230769 0.007211538461538462 0.01201923076923077
1 0.8665865384615384 0.453125 0.007211538461538462 0.008413461538461538
1 0.8774038461538461 0.4543269230769231 0.008413461538461538 0.009615384615384616
1 0.7367788461538461 0.4543269230769231 0.01201923076923077 0.015625
1 0.8497596153846154 0.45552884615384615 0.007211538461538462 0.009615384615384616
1 0.8894230769230769 0.4567307692307692 0.008413461538461538 0.010817307692307692
0 0.6141826923076923 0.46033653846153844 0.013221153846153846 0.025240384615384616
1 0.8485576923076923 0.46153846153846156 0.008413461538461538 0.009615384615384616
1 0.9050480769230769 0.46153846153846156 0.008413461538461538 0.01201923076923077