0 0.9951923076923077 0.4675480769230769 0.004807692307692308 0.016826923076923076
1 0.4579326923076923 0.47836538461538464 0.027644230769230768 0.038461538461538464
0 0.9002403846153846 0.48197115384615385 0.015625 0.015625
0 0.7175480769230769 0.4831730769230769 0.02403846153846154 0.03245192307692308
0 0.9771634615384616 0.5048076923076923 0.014423076923076924 0.015625
1 0.4519230769230769 0.5132211538461539 0.028846153846153848 0.046875
0 0.7560096153846154 0.515625 0.028846153846153848 0.03485576923076923
0 0.7944711538461539 0.5504807692307693 0.03365384615384615 0.039663461538461536
0 0.8341346153846154 0.5913461538461539 0.037259615384615384 0.046875
1 0.4098557692307692 0.6213942307692307 0.04567307692307692 0.07091346153846154
0 0.8810096153846154 0.6454326923076923 0.042067307692307696 0.054086538461538464
0 0.9387019230769231 0.7067307692307693 0.05048076923076923 0.0625
0 0.9891826923076923 0.7824519230769231 0.020432692307692308 0.056490384615384616
1 0.3125 0.8509615384615384 0.07932692307692307 0.11057692307692307
1 0.46153846153846156 0.3449519230769231 0.01201923076923077 0.016826923076923076
1 0.4795673076923077 0.34615384615384615 0.010817307692307692 0.015625
1 0.5012019230769231 0.3473557692307692 0.010817307692307692 0.015625
1 0.44591346153846156 0.3485576923076923 0.013221153846153846 0.016826923076923076
1 0.5228365384615384 0.34975961538461536 0.010817307692307692 0.015625
1 0.546875 0.35336538461538464 0.010817307692307692 0.016826923076923076
1 0.43509615384615385 0.35336538461538464 0.01201923076923077 0.020432692307692308
1 0.5685096153846154 0.3581730769230769 0.010817307692307692 0.014423076923076924
1 0.42427884615384615 0.3581730769230769 0.013221153846153846 0.020432692307692308
1 0.5949519230769231 0.3641826923076923 0.009615384615384616 0.014423076923076924
1 0.41947115384615385 0.36658653846153844 0.015625 0.020432692307692308
1 0.640625 0.37740384615384615 0.010817307692307692 0.010817307692307692
1 0.41947115384615385 0.3786057692307692 0.015625 0.020432692307692308
1 0.6911057692307693 0.390625 0.01201923076923077 0.013221153846153846
1 0.4230769230769231 0.3918269230769231 0.016826923076923076 0.021634615384615384
0 0.6201923076923077 0.4050480769230769 0.014423076923076924 0.021634615384615384
1 0.7427884615384616 0.4050480769230769 0.013221153846153846 0.015625
1 0.8605769230769231 0.4050480769230769 0.007211538461538462 0.010817307692307692
1 0.8665865384615384 0.40625 0.006009615384615385 0.009615384615384616
1 0.8762019230769231 0.4074519230769231 0.008413461538461538 0.009615384615384616
1 0.43028846153846156 0.4074519230769231 0.019230769230769232 0.027644230769230768
0 0.609375 0.4074519230769231 0.018028846153846152 0.020432692307692308
0 0.6502403846153846 0.40865384615384615 0.014423076923076924 0.020432692307692308
1 0.8870192307692307 0.40865384615384615 0.007211538461538462 0.008413461538461538
1 0.8581730769230769 0.4098557692307692 0.009615384615384616 0.01201923076923077
1 0.8990384615384616 0.4110576923076923 0.009615384615384616 0.010817307692307692
1 0.8569711538461539 0.41586538461538464 0.010817307692307692 0.013221153846153846
1 0.9146634615384616 0.41586538461538464 0.007211538461538462 0.007211538461538462
0 0.6826923076923077 0.4170673076923077 0.015625 0.020432692307692308
1 0.7956730769230769 0.421875 0.01201923076923077 0.015625
1 0.9302884615384616 0.421875 0.009615384615384616 0.008413461538461538
1 0.8569711538461539 0.42427884615384615 0.009615384615384616 0.010817307692307692
0 0.6286057692307693 0.42427884615384615 0.016826923076923076 0.026442307692307692
1 0.44471153846153844 0.4254807692307692 0.021634615384615384 0.03245192307692308
1 0.8209134615384616 0.4254807692307692 0.013221153846153846 0.015625
1 0.859375 0.4326923076923077 0.013221153846153846 0.016826923076923076
1 0.9651442307692307 0.4326923076923077 0.008413461538461538 0.009615384615384616
1 0.8461538461538461 0.4338942307692308 0.01201923076923077 0.01201923076923077
0 0.7512019230769231 0.4387019230769231 0.016826923076923076 0.021634615384615384
0 0.6454326923076923 0.4387019230769231 0.020432692307692308 0.027644230769230768
1 0.9963942307692307 0.44471153846153844 0.002403846153846154 0.009615384615384616
1 0.45552884615384615 0.44711538461538464 0.02283653846153846 0.03245192307692308
0 0.9723557692307693 0.4495192307692308 0.01201923076923077 0.014423076923076924
0 0.9903846153846154 0.4495192307692308 0.007211538461538462 0.007211538461538462
0 0.9807692307692307 0.45552884615384615 0.009615384615384616 0.010817307692307692
0 0.8221153846153846 0.4579326923076923 0.018028846153846152 0.019230769230769232
0 0.6790865384615384 0.46033653846153844 0.021634615384615384 0.03245192307692308
0 0.9879807692307693 0.46153846153846156 0.010817307692307692 0.01201923076923077