1 0.4375 0.484375 0.046875 0.06971153846153846
0 0.8762019230769231 0.49278846153846156 0.039663461538461536 0.04447115384615385
0 0.9266826923076923 0.546875 0.04326923076923077 0.04927884615384615
0 0.9783653846153846 0.6165865384615384 0.042067307692307696 0.0625
1 0.33653846153846156 0.7091346153846154 0.0733173076923077 0.1045673076923077
1 0.5048076923076923 0.24278846153846154 0.01201923076923077 0.015625
1 0.48677884615384615 0.24278846153846154 0.01201923076923077 0.018028846153846152
1 0.4723557692307692 0.2439903846153846 0.01201923076923077 0.018028846153846152
1 0.5264423076923077 0.24519230769230768 0.010817307692307692 0.015625
1 0.46033653846153844 0.24759615384615385 0.013221153846153846 0.016826923076923076
1 0.5492788461538461 0.24759615384615385 0.010817307692307692 0.013221153846153846
1 0.5745192307692307 0.25240384615384615 0.01201923076923077 0.013221153846153846
1 0.45072115384615385 0.2536057692307692 0.014423076923076924 0.019230769230769232
1 0.5961538461538461 0.25721153846153844 0.01201923076923077 0.014423076923076924
1 0.44471153846153844 0.25961538461538464 0.014423076923076924 0.019230769230769232
1 0.6237980769230769 0.265625 0.013221153846153846 0.014423076923076924
1 0.44471153846153844 0.26802884615384615 0.015625 0.020432692307692308
1 0.671875 0.2764423076923077 0.01201923076923077 0.015625
1 0.44711538461538464 0.2800480769230769 0.019230769230769232 0.02283653846153846
1 0.4567307692307692 0.2932692307692308 0.019230769230769232 0.025240384615384616
1 0.7247596153846154 0.2956730769230769 0.01201923076923077 0.013221153846153846
0 0.6502403846153846 0.3016826923076923 0.015625 0.019230769230769232
0 0.6382211538461539 0.30649038461538464 0.016826923076923076 0.021634615384615384
0 0.6802884615384616 0.3088942307692308 0.016826923076923076 0.020432692307692308
1 0.4699519230769231 0.31009615384615385 0.02283653846153846 0.028846153846153848
1 0.7788461538461539 0.3125 0.01201923076923077 0.014423076923076924
0 0.6574519230769231 0.31971153846153844 0.018028846153846152 0.02283653846153846
0 0.7151442307692307 0.32091346153846156 0.016826923076923076 0.020432692307692308
1 0.9098557692307693 0.3245192307692308 0.008413461538461538 0.009615384615384616
1 0.9038461538461539 0.32572115384615385 0.009615384615384616 0.013221153846153846
1 0.9206730769230769 0.328125 0.008413461538461538 0.01201923076923077
1 0.48197115384615385 0.328125 0.02403846153846154 0.03365384615384615
1 0.8341346153846154 0.3293269230769231 0.014423076923076924 0.014423076923076924
1 0.9326923076923077 0.33052884615384615 0.008413461538461538 0.009615384615384616
1 0.9002403846153846 0.3317307692307692 0.010817307692307692 0.013221153846153846
0 0.6778846153846154 0.3329326923076923 0.019230769230769232 0.02403846153846154
1 0.9435096153846154 0.33533653846153844 0.009615384615384616 0.01201923076923077
1 0.8617788461538461 0.3389423076923077 0.014423076923076924 0.015625
1 0.9615384615384616 0.3401442307692308 0.009615384615384616 0.010817307692307692
1 0.9002403846153846 0.3401442307692308 0.01201923076923077 0.013221153846153846
0 0.7884615384615384 0.34375 0.018028846153846152 0.019230769230769232
1 0.9771634615384616 0.3473557692307692 0.009615384615384616 0.010817307692307692
1 0.9026442307692307 0.34975961538461536 0.014423076923076924 0.015625
1 0.8894230769230769 0.34975961538461536 0.013221153846153846 0.015625
1 0.484375 0.3545673076923077 0.027644230769230768 0.036057692307692304
0 0.7127403846153846 0.3545673076923077 0.02283653846153846 0.026442307692307692
0 0.8641826923076923 0.36778846153846156 0.019230769230769232 0.020432692307692308
0 0.7524038461538461 0.38100961538461536 0.025240384615384616 0.03245192307692308
1 0.4795673076923077 0.38461538461538464 0.03245192307692308 0.04447115384615385
0 0.9435096153846154 0.4014423076923077 0.020432692307692308 0.025240384615384616
0 0.7932692307692307 0.4110576923076923 0.028846153846153848 0.037259615384615384
0 0.8353365384615384 0.4483173076923077 0.03245192307692308 0.040865384615384616