0 0.9519230769230769 0.48677884615384615 0.042067307692307696 0.052884615384615384
0 0.9891826923076923 0.5444711538461539 0.016826923076923076 0.055288461538461536
1 0.3858173076923077 0.6730769230769231 0.07572115384615384 0.11298076923076923
1 0.5360576923076923 0.2247596153846154 0.01201923076923077 0.013221153846153846
1 0.5540865384615384 0.2247596153846154 0.01201923076923077 0.01201923076923077
1 0.5204326923076923 0.22716346153846154 0.013221153846153846 0.014423076923076924
1 0.5757211538461539 0.2283653846153846 0.013221153846153846 0.014423076923076924
1 0.5096153846153846 0.23076923076923078 0.013221153846153846 0.016826923076923076
1 0.5997596153846154 0.23197115384615385 0.013221153846153846 0.013221153846153846
1 0.4987980769230769 0.234375 0.014423076923076924 0.018028846153846152
1 0.6237980769230769 0.23677884615384615 0.013221153846153846 0.013221153846153846
1 0.49399038461538464 0.2403846153846154 0.015625 0.016826923076923076
1 0.6478365384615384 0.24158653846153846 0.01201923076923077 0.013221153846153846
1 0.49399038461538464 0.24759615384615385 0.018028846153846152 0.018028846153846152
1 0.6766826923076923 0.25 0.01201923076923077 0.013221153846153846
1 0.49759615384615385 0.2608173076923077 0.019230769230769232 0.02283653846153846
1 0.7271634615384616 0.265625 0.015625 0.013221153846153846
1 0.5060096153846154 0.27403846153846156 0.02283653846153846 0.02403846153846154
1 0.7848557692307693 0.28365384615384615 0.014423076923076924 0.013221153846153846
0 0.7043269230769231 0.28725961538461536 0.018028846153846152 0.019230769230769232
1 0.5192307692307693 0.28725961538461536 0.02283653846153846 0.026442307692307692
0 0.6911057692307693 0.29086538461538464 0.019230769230769232 0.02283653846153846
0 0.7367788461538461 0.296875 0.019230769230769232 0.021634615384615384
1 0.8461538461538461 0.3004807692307692 0.014423076923076924 0.015625
0 0.7139423076923077 0.30408653846153844 0.019230769230769232 0.02283653846153846
0 0.7752403846153846 0.30649038461538464 0.020432692307692308 0.018028846153846152
1 0.5300480769230769 0.3088942307692308 0.025240384615384616 0.036057692307692304
0 0.734375 0.31971153846153844 0.021634615384615384 0.027644230769230768
1 0.9074519230769231 0.32211538461538464 0.014423076923076924 0.015625
1 0.9387019230769231 0.33052884615384615 0.015625 0.015625
1 0.5324519230769231 0.3329326923076923 0.03125 0.038461538461538464
0 0.8557692307692307 0.3329326923076923 0.021634615384615384 0.020432692307692308
0 0.7716346153846154 0.3425480769230769 0.026442307692307692 0.030048076923076924
0 0.9399038461538461 0.3605769230769231 0.021634615384615384 0.021634615384615384
1 0.5276442307692307 0.36177884615384615 0.036057692307692304 0.04447115384615385
0 0.8137019230769231 0.36899038461538464 0.028846153846153848 0.03125
0 0.8605769230769231 0.40024038461538464 0.03125 0.038461538461538464
0 0.90625 0.4411057692307692 0.037259615384615384 0.040865384615384616
1 0.48677884615384615 0.45552884615384615 0.042067307692307696 0.06610576923076923