1 0.46033653846153844 0.6670673076923077 0.08413461538461539 0.11538461538461539
0 0.8305288461538461 0.28966346153846156 0.03485576923076923 0.02283653846153846
0 0.7788461538461539 0.29086538461538464 0.037259615384615384 0.03245192307692308
0 0.7980769230769231 0.3016826923076923 0.036057692307692304 0.025240384615384616
0 0.8774038461538461 0.30288461538461536 0.025240384615384616 0.021634615384615384
1 0.6021634615384616 0.3076923076923077 0.028846153846153848 0.03245192307692308
0 0.8257211538461539 0.3161057692307692 0.03125 0.03245192307692308
0 0.9711538461538461 0.3317307692307692 0.028846153846153848 0.021634615384615384
1 0.6057692307692307 0.3317307692307692 0.036057692307692304 0.03485576923076923
0 0.8737980769230769 0.3389423076923077 0.038461538461538464 0.03245192307692308
1 0.5997596153846154 0.36177884615384615 0.03245192307692308 0.046875
0 0.9194711538461539 0.36778846153846156 0.04447115384615385 0.042067307692307696
0 0.9735576923076923 0.40384615384615385 0.04447115384615385 0.046875
1 0.5576923076923077 0.46033653846153844 0.037259615384615384 0.0625