1 0.7908653846153846 0.5192307692307693 0.015625 0.02403846153846154
1 0.8100961538461539 0.5288461538461539 0.015625 0.018028846153846152
1 0.8413461538461539 0.5372596153846154 0.015625 0.021634615384615384
1 0.7199519230769231 0.5432692307692307 0.015625 0.021634615384615384
1 0.8774038461538461 0.5480769230769231 0.013221153846153846 0.020432692307692308
1 0.90625 0.5552884615384616 0.014423076923076924 0.020432692307692308
1 0.7247596153846154 0.5600961538461539 0.021634615384615384 0.026442307692307692
1 0.9471153846153846 0.5709134615384616 0.015625 0.020432692307692308
1 0.7355769230769231 0.5817307692307693 0.02283653846153846 0.030048076923076924
1 0.7512019230769231 0.6081730769230769 0.025240384615384616 0.042067307692307696
1 0.7644230769230769 0.6322115384615384 0.03365384615384615 0.03245192307692308
1 0.7692307692307693 0.6670673076923077 0.03365384615384615 0.042067307692307696
1 0.7620192307692307 0.7067307692307693 0.040865384615384616 0.05048076923076923
1 0.7115384615384616 0.8064903846153846 0.04927884615384615 0.06610576923076923
1 0.6033653846153846 0.9711538461538461 0.07211538461538461 0.056490384615384616