0 0.7512019230769231 0.47115384615384615 0.02403846153846154 0.03245192307692308
0 0.7800480769230769 0.515625 0.03245192307692308 0.036057692307692304
0 0.8185096153846154 0.5637019230769231 0.03125 0.040865384615384616
1 0.25721153846153844 0.6213942307692307 0.0829326923076923 0.12860576923076922
0 0.8629807692307693 0.6310096153846154 0.038461538461538464 0.052884615384615384
0 0.9290865384615384 0.7127403846153846 0.06129807692307692 0.07451923076923077
0 0.9723557692307693 0.7956730769230769 0.05048076923076923 0.07692307692307693
0 0.6213942307692307 0.3473557692307692 0.021634615384615384 0.02283653846153846
1 0.42908653846153844 0.36177884615384615 0.03365384615384615 0.04567307692307692
0 0.6514423076923077 0.3762019230769231 0.021634615384615384 0.02403846153846154
0 0.6838942307692307 0.4026442307692308 0.020432692307692308 0.030048076923076924
0 0.7175480769230769 0.4326923076923077 0.02283653846153846 0.02403846153846154
1 0.37740384615384615 0.4375 0.042067307692307696 0.06610576923076923