0 0.6887019230769231 0.46875 0.03365384615384615 0.046875
1 0.24158653846153846 0.4807692307692308 0.051682692307692304 0.07091346153846154
0 0.7295673076923077 0.5180288461538461 0.038461538461538464 0.054086538461538464
0 0.7824519230769231 0.5817307692307693 0.046875 0.06490384615384616
0 0.8365384615384616 0.6502403846153846 0.056490384615384616 0.0733173076923077
1 0.12139423076923077 0.7043269230769231 0.09375 0.11057692307692307
1 0.3389423076923077 0.24278846153846154 0.01201923076923077 0.014423076923076924
1 0.36177884615384615 0.24278846153846154 0.014423076923076924 0.014423076923076924
1 0.31850961538461536 0.2439903846153846 0.013221153846153846 0.014423076923076924
1 0.3870192307692308 0.2439903846153846 0.01201923076923077 0.014423076923076924
1 0.4110576923076923 0.24639423076923078 0.010817307692307692 0.013221153846153846
1 0.3016826923076923 0.24639423076923078 0.015625 0.014423076923076924
1 0.4338942307692308 0.24879807692307693 0.010817307692307692 0.014423076923076924
1 0.28846153846153844 0.25240384615384615 0.014423076923076924 0.016826923076923076
1 0.46033653846153844 0.2536057692307692 0.01201923076923077 0.014423076923076924
1 0.2764423076923077 0.25600961538461536 0.015625 0.018028846153846152
1 0.2692307692307692 0.26322115384615385 0.016826923076923076 0.019230769230769232
1 0.5036057692307693 0.2644230769230769 0.01201923076923077 0.014423076923076924
1 0.2692307692307692 0.27283653846153844 0.020432692307692308 0.020432692307692308
1 0.5516826923076923 0.27524038461538464 0.010817307692307692 0.01201923076923077
1 0.2704326923076923 0.2848557692307692 0.021634615384615384 0.02403846153846154
1 0.5961538461538461 0.2860576923076923 0.009615384615384616 0.013221153846153846
0 0.48197115384615385 0.28725961538461536 0.014423076923076924 0.018028846153846152
0 0.5096153846153846 0.29086538461538464 0.014423076923076924 0.016826923076923076
0 0.4699519230769231 0.29086538461538464 0.016826923076923076 0.020432692307692308
1 0.27884615384615385 0.2956730769230769 0.02403846153846154 0.026442307692307692
0 0.5396634615384616 0.2980769230769231 0.014423076923076924 0.018028846153846152
1 0.6394230769230769 0.2980769230769231 0.010817307692307692 0.014423076923076924
0 0.48677884615384615 0.3016826923076923 0.016826923076923076 0.02283653846153846
1 0.6598557692307693 0.30288461538461536 0.010817307692307692 0.013221153846153846
1 0.6911057692307693 0.31009615384615385 0.009615384615384616 0.01201923076923077
1 0.6802884615384616 0.31009615384615385 0.009615384615384616 0.010817307692307692
1 0.2932692307692308 0.3112980769230769 0.02403846153846154 0.028846153846153848
0 0.6009615384615384 0.3125 0.013221153846153846 0.018028846153846152
0 0.5024038461538461 0.3125 0.018028846153846152 0.02403846153846154
0 0.6574519230769231 0.328125 0.015625 0.019230769230769232
1 0.30408653846153844 0.328125 0.027644230769230768 0.03245192307692308
0 0.5324519230769231 0.3293269230769231 0.019230769230769232 0.02403846153846154
0 0.7175480769230769 0.34615384615384615 0.015625 0.018028846153846152
0 0.5637019230769231 0.3473557692307692 0.020432692307692308 0.028846153846153848
1 0.30649038461538464 0.35336538461538464 0.028846153846153848 0.03485576923076923
0 0.7764423076923077 0.36538461538461536 0.016826923076923076 0.020432692307692308
0 0.5961538461538461 0.36899038461538464 0.02403846153846154 0.03245192307692308
1 0.296875 0.38221153846153844 0.03365384615384615 0.046875
0 0.6262019230769231 0.3954326923076923 0.025240384615384616 0.036057692307692304
0 0.65625 0.43028846153846156 0.027644230769230768 0.042067307692307696