0 0.65625 0.484375 0.03485576923076923 0.040865384615384616
1 0.14783653846153846 0.5144230769230769 0.06370192307692307 0.09014423076923077
0 0.7055288461538461 0.5360576923076923 0.04447115384615385 0.052884615384615384
0 0.7584134615384616 0.5985576923076923 0.055288461538461536 0.05889423076923077
1 0.036057692307692304 0.7536057692307693 0.07211538461538461 0.11298076923076923
0 0.49399038461538464 0.33533653846153844 0.02283653846153846 0.026442307692307692
0 0.5264423076923077 0.35336538461538464 0.02283653846153846 0.027644230769230768
1 0.21995192307692307 0.36899038461538464 0.03485576923076923 0.038461538461538464
0 0.5564903846153846 0.3786057692307692 0.02283653846153846 0.03125
1 0.2127403846153846 0.4050480769230769 0.046875 0.054086538461538464
0 0.5853365384615384 0.4050480769230769 0.028846153846153848 0.038461538461538464
0 0.6177884615384616 0.43990384615384615 0.03245192307692308 0.038461538461538464