0 0.6117788461538461 0.484375 0.03485576923076923 0.04807692307692308
0 0.6586538461538461 0.5384615384615384 0.04326923076923077 0.06009615384615385
1 0.078125 0.5444711538461539 0.06850961538461539 0.07211538461538461
0 0.7091346153846154 0.5961538461538461 0.046875 0.06610576923076923
1 0.31490384615384615 0.2668269230769231 0.010817307692307692 0.010817307692307692
1 0.29086538461538464 0.26802884615384615 0.01201923076923077 0.013221153846153846
1 0.2608173076923077 0.26802884615384615 0.01201923076923077 0.013221153846153846
1 0.34375 0.26802884615384615 0.01201923076923077 0.01201923076923077
1 0.23197115384615385 0.2704326923076923 0.014423076923076924 0.014423076923076924
1 0.203125 0.27163461538461536 0.015625 0.014423076923076924
1 0.3918269230769231 0.27283653846153844 0.010817307692307692 0.01201923076923077
1 0.17908653846153846 0.2764423076923077 0.015625 0.015625
1 0.4411057692307692 0.2776442307692308 0.009615384615384616 0.01201923076923077
1 0.15625 0.28125 0.015625 0.015625
1 0.13942307692307693 0.29086538461538464 0.019230769230769232 0.020432692307692308
1 0.125 0.2980769230769231 0.020432692307692308 0.020432692307692308
0 0.36658653846153844 0.2980769230769231 0.013221153846153846 0.015625
0 0.39663461538461536 0.2980769230769231 0.015625 0.015625
0 0.42788461538461536 0.3004807692307692 0.013221153846153846 0.014423076923076924
0 0.35336538461538464 0.30408653846153844 0.016826923076923076 0.018028846153846152
1 0.11538461538461539 0.30528846153846156 0.021634615384615384 0.020432692307692308
0 0.4891826923076923 0.3076923076923077 0.013221153846153846 0.014423076923076924
0 0.3701923076923077 0.3125 0.018028846153846152 0.018028846153846152
0 0.5444711538461539 0.3137019230769231 0.014423076923076924 0.013221153846153846
1 0.1141826923076923 0.3161057692307692 0.02403846153846154 0.02283653846153846
0 0.38822115384615385 0.32091346153846156 0.018028846153846152 0.018028846153846152
0 0.5997596153846154 0.3233173076923077 0.013221153846153846 0.01201923076923077
1 0.11778846153846154 0.3293269230769231 0.028846153846153848 0.02403846153846154
0 0.41947115384615385 0.3329326923076923 0.019230769230769232 0.019230769230769232
0 0.6526442307692307 0.33413461538461536 0.01201923076923077 0.01201923076923077
1 0.12740384615384615 0.34134615384615385 0.028846153846153848 0.03125
0 0.7043269230769231 0.34375 0.013221153846153846 0.01201923076923077
0 0.4519230769230769 0.3449519230769231 0.019230769230769232 0.021634615384615384
1 0.14423076923076922 0.35216346153846156 0.028846153846153848 0.026442307692307692
0 0.4831730769230769 0.3629807692307692 0.02403846153846154 0.027644230769230768
1 0.15745192307692307 0.3701923076923077 0.03245192307692308 0.03245192307692308
0 0.5132211538461539 0.38341346153846156 0.026442307692307692 0.027644230769230768
1 0.15865384615384615 0.3942307692307692 0.039663461538461536 0.037259615384615384
0 0.5408653846153846 0.4098557692307692 0.030048076923076924 0.037259615384615384
1 0.1466346153846154 0.42908653846153844 0.04326923076923077 0.04807692307692308
0 0.5733173076923077 0.44471153846153844 0.03245192307692308 0.04326923076923077