0 0.6057692307692307 0.49278846153846156 0.03125 0.039663461538461536
0 0.6550480769230769 0.5444711538461539 0.039663461538461536 0.052884615384615384
1 0.06850961538461539 0.5528846153846154 0.06490384615384616 0.06610576923076923
0 0.7055288461538461 0.6033653846153846 0.04567307692307692 0.05889423076923077
1 0.31009615384615385 0.27403846153846156 0.009615384615384616 0.010817307692307692
1 0.2848557692307692 0.27524038461538464 0.010817307692307692 0.009615384615384616
1 0.25600961538461536 0.27524038461538464 0.01201923076923077 0.010817307692307692
1 0.3401442307692308 0.2764423076923077 0.009615384615384616 0.009615384615384616
1 0.22716346153846154 0.2764423076923077 0.01201923076923077 0.01201923076923077
1 0.1971153846153846 0.2776442307692308 0.015625 0.013221153846153846
1 0.3870192307692308 0.2800480769230769 0.010817307692307692 0.010817307692307692
1 0.5865384615384616 0.2824519230769231 0.006009615384615385 0.008413461538461538
1 0.59375 0.2824519230769231 0.004807692307692308 0.008413461538461538
1 0.17307692307692307 0.28365384615384615 0.015625 0.015625
1 0.6021634615384616 0.2848557692307692 0.004807692307692308 0.008413461538461538
1 0.43509615384615385 0.2860576923076923 0.009615384615384616 0.01201923076923077
1 0.6129807692307693 0.2860576923076923 0.004807692307692308 0.006009615384615385
1 0.1502403846153846 0.28966346153846156 0.016826923076923076 0.018028846153846152
1 0.6237980769230769 0.28966346153846156 0.004807692307692308 0.006009615384615385
1 0.4807692307692308 0.28966346153846156 0.009615384615384616 0.009615384615384616
1 0.6478365384615384 0.29447115384615385 0.004807692307692308 0.006009615384615385
1 0.13341346153846154 0.296875 0.018028846153846152 0.016826923076923076
1 0.5228365384615384 0.296875 0.009615384615384616 0.010817307692307692
1 0.5432692307692307 0.29927884615384615 0.008413461538461538 0.009615384615384616
1 0.6706730769230769 0.29927884615384615 0.004807692307692308 0.006009615384615385
1 0.5625 0.30288461538461536 0.009615384615384616 0.009615384615384616
1 0.11778846153846154 0.30288461538461536 0.019230769230769232 0.019230769230769232
1 0.6935096153846154 0.30528846153846156 0.004807692307692308 0.006009615384615385
0 0.3918269230769231 0.30649038461538464 0.014423076923076924 0.015625
0 0.36177884615384615 0.3076923076923077 0.014423076923076924 0.016826923076923076
0 0.6742788461538461 0.3088942307692308 0.006009615384615385 0.007211538461538462
0 0.4230769230769231 0.3088942307692308 0.013221153846153846 0.013221153846153846
0 0.6875 0.3112980769230769 0.006009615384615385 0.006009615384615385
1 0.7163461538461539 0.3112980769230769 0.004807692307692308 0.007211538461538462
1 0.10697115384615384 0.3125 0.019230769230769232 0.019230769230769232
0 0.3485576923076923 0.3125 0.015625 0.019230769230769232
0 0.484375 0.3161057692307692 0.01201923076923077 0.014423076923076924
0 0.6658653846153846 0.3161057692307692 0.007211538461538462 0.009615384615384616
1 0.7379807692307693 0.3173076923076923 0.006009615384615385 0.006009615384615385
0 0.7139423076923077 0.31850961538461536 0.006009615384615385 0.008413461538461538
0 0.5396634615384616 0.32211538461538464 0.01201923076923077 0.015625
0 0.36658653846153844 0.32211538461538464 0.016826923076923076 0.018028846153846152
0 0.6826923076923077 0.32211538461538464 0.007211538461538462 0.008413461538461538
1 0.7596153846153846 0.32211538461538464 0.004807692307692308 0.006009615384615385
1 0.10817307692307693 0.3233173076923077 0.02283653846153846 0.02283653846153846
0 0.7403846153846154 0.3245192307692308 0.006009615384615385 0.007211538461538462
1 0.78125 0.3293269230769231 0.004807692307692308 0.006009615384615385
0 0.38461538461538464 0.3293269230769231 0.015625 0.020432692307692308
0 0.765625 0.33052884615384615 0.007211538461538462 0.007211538461538462
0 0.7043269230769231 0.33533653846153844 0.008413461538461538 0.010817307692307692
1 0.8028846153846154 0.33533653846153844 0.004807692307692308 0.006009615384615385
0 0.5949519230769231 0.33533653846153844 0.01201923076923077 0.015625
1 0.109375 0.33653846153846156 0.02283653846153846 0.026442307692307692
0 0.7920673076923077 0.33774038461538464 0.006009615384615385 0.007211538461538462
0 0.41466346153846156 0.34134615384615385 0.019230769230769232 0.021634615384615384
0 0.6478365384615384 0.3425480769230769 0.01201923076923077 0.01201923076923077
1 0.828125 0.34375 0.006009615384615385 0.006009615384615385
0 0.8149038461538461 0.3449519230769231 0.007211538461538462 0.007211538461538462
0 0.7295673076923077 0.34615384615384615 0.009615384615384616 0.010817307692307692
0 0.8401442307692307 0.35216346153846156 0.006009615384615385 0.007211538461538462
1 0.1201923076923077 0.35216346153846156 0.025240384615384616 0.03245192307692308
0 0.6983173076923077 0.3545673076923077 0.010817307692307692 0.01201923076923077
0 0.44711538461538464 0.3557692307692308 0.018028846153846152 0.026442307692307692
0 0.7223557692307693 0.359375 0.010817307692307692 0.01201923076923077
0 0.7560096153846154 0.359375 0.009615384615384616 0.010817307692307692
0 0.8677884615384616 0.3605769230769231 0.006009615384615385 0.007211538461538462
0 0.7463942307692307 0.36177884615384615 0.009615384615384616 0.010817307692307692
0 0.7620192307692307 0.36538461538461536 0.010817307692307692 0.01201923076923077
1 0.13581730769230768 0.36538461538461536 0.027644230769230768 0.037259615384615384
0 0.4795673076923077 0.3713942307692308 0.020432692307692308 0.025240384615384616
1 0.15264423076923078 0.38100961538461536 0.03125 0.03245192307692308
0 0.5096153846153846 0.3942307692307692 0.02283653846153846 0.027644230769230768
1 0.1502403846153846 0.40625 0.037259615384615384 0.037259615384615384
0 0.5360576923076923 0.41947115384615385 0.02403846153846154 0.03125
1 0.13942307692307693 0.4375 0.04567307692307692 0.05048076923076923
0 0.5697115384615384 0.4543269230769231 0.025240384615384616 0.038461538461538464