0 0.5673076923076923 0.4831730769230769 0.03125 0.027644230769230768
0 0.6033653846153846 0.5240384615384616 0.036057692307692304 0.02403846153846154
1 0.06129807692307692 0.5492788461538461 0.0673076923076923 0.06129807692307692
0 0.6514423076923077 0.5745192307692307 0.040865384615384616 0.03245192307692308
0 0.703125 0.6322115384615384 0.04927884615384615 0.052884615384615384
1 0.22956730769230768 0.28725961538461536 0.016826923076923076 0.015625
1 0.20192307692307693 0.28725961538461536 0.014423076923076924 0.015625
1 0.25841346153846156 0.28846153846153844 0.016826923076923076 0.016826923076923076
1 0.17668269230769232 0.28966346153846156 0.018028846153846152 0.018028846153846152
1 0.28725961538461536 0.29086538461538464 0.013221153846153846 0.015625
1 0.3125 0.29086538461538464 0.013221153846153846 0.01201923076923077
1 0.15384615384615385 0.2920673076923077 0.019230769230769232 0.016826923076923076
1 0.34134615384615385 0.2956730769230769 0.013221153846153846 0.014423076923076924
1 0.13701923076923078 0.29927884615384615 0.018028846153846152 0.016826923076923076
1 0.3894230769230769 0.30288461538461536 0.010817307692307692 0.009615384615384616
1 0.1201923076923077 0.30408653846153844 0.02283653846153846 0.018028846153846152
1 0.11057692307692307 0.3125 0.02403846153846154 0.018028846153846152
1 0.4362980769230769 0.3125 0.010817307692307692 0.01201923076923077
1 0.5757211538461539 0.3161057692307692 0.006009615384615385 0.006009615384615385
1 0.5793269230769231 0.3173076923076923 0.006009615384615385 0.008413461538461538
1 0.5865384615384616 0.31850961538461536 0.006009615384615385 0.008413461538461538
1 0.5745192307692307 0.31850961538461536 0.007211538461538462 0.004807692307692308
1 0.48197115384615385 0.31971153846153844 0.013221153846153846 0.013221153846153846
1 0.5949519230769231 0.32091346153846156 0.007211538461538462 0.008413461538461538
1 0.5733173076923077 0.32211538461538464 0.006009615384615385 0.006009615384615385
1 0.6021634615384616 0.32211538461538464 0.006009615384615385 0.008413461538461538
1 0.10817307692307693 0.3245192307692308 0.028846153846153848 0.020432692307692308
1 0.5721153846153846 0.32572115384615385 0.009615384615384616 0.006009615384615385
1 0.6129807692307693 0.32572115384615385 0.007211538461538462 0.007211538461538462
0 0.3641826923076923 0.32572115384615385 0.014423076923076924 0.018028846153846152
1 0.5240384615384616 0.328125 0.013221153846153846 0.009615384615384616
1 0.6237980769230769 0.328125 0.008413461538461538 0.006009615384615385
0 0.39302884615384615 0.328125 0.014423076923076924 0.018028846153846152
1 0.5709134615384616 0.33052884615384615 0.009615384615384616 0.007211538461538462
0 0.34975961538461536 0.3317307692307692 0.016826923076923076 0.020432692307692308
1 0.5432692307692307 0.3329326923076923 0.01201923076923077 0.009615384615384616
0 0.42427884615384615 0.33413461538461536 0.018028846153846152 0.016826923076923076
1 0.6466346153846154 0.33533653846153844 0.006009615384615385 0.006009615384615385
1 0.5721153846153846 0.33533653846153844 0.01201923076923077 0.007211538461538462
1 0.5625 0.33653846153846156 0.010817307692307692 0.007211538461538462
1 0.11057692307692307 0.33653846153846156 0.025240384615384616 0.025240384615384616
1 0.6706730769230769 0.3425480769230769 0.007211538461538462 0.008413461538461538
0 0.36778846153846156 0.3425480769230769 0.019230769230769232 0.019230769230769232
0 0.6526442307692307 0.3449519230769231 0.004807692307692308 0.006009615384615385
0 0.6490384615384616 0.34615384615384615 0.004807692307692308 0.004807692307692308
0 0.4855769230769231 0.3473557692307692 0.010817307692307692 0.019230769230769232
0 0.6622596153846154 0.3473557692307692 0.007211538461538462 0.008413461538461538
0 0.6514423076923077 0.3473557692307692 0.004807692307692308 0.007211538461538462
1 0.6923076923076923 0.34975961538461536 0.007211538461538462 0.007211538461538462
0 0.38461538461538464 0.34975961538461536 0.019230769230769232 0.02283653846153846
0 0.6730769230769231 0.34975961538461536 0.006009615384615385 0.007211538461538462
0 0.6538461538461539 0.35096153846153844 0.006009615384615385 0.009615384615384616
1 0.1201923076923077 0.35096153846153844 0.03125 0.026442307692307692
0 0.6875 0.35336538461538464 0.007211538461538462 0.006009615384615385
0 0.6598557692307693 0.35336538461538464 0.007211538461538462 0.007211538461538462
0 0.5408653846153846 0.3557692307692308 0.013221153846153846 0.015625
0 0.6658653846153846 0.35697115384615385 0.008413461538461538 0.008413461538461538
1 0.7151442307692307 0.35697115384615385 0.006009615384615385 0.008413461538461538
0 0.7127403846153846 0.3629807692307692 0.007211538461538462 0.006009615384615385
1 0.7367788461538461 0.3641826923076923 0.007211538461538462 0.008413461538461538
0 0.41466346153846156 0.3641826923076923 0.021634615384615384 0.02403846153846154
1 0.13822115384615385 0.3641826923076923 0.03125 0.027644230769230768
0 0.6814903846153846 0.36538461538461536 0.01201923076923077 0.008413461538461538
0 0.5949519230769231 0.3701923076923077 0.013221153846153846 0.014423076923076924
0 0.7379807692307693 0.3701923076923077 0.008413461538461538 0.009615384615384616
1 0.7584134615384616 0.3713942307692308 0.006009615384615385 0.008413461538461538
1 0.7788461538461539 0.37740384615384615 0.006009615384615385 0.008413461538461538
0 0.7019230769230769 0.3786057692307692 0.009615384615384616 0.008413461538461538
0 0.7632211538461539 0.3786057692307692 0.007211538461538462 0.008413461538461538
0 0.44711538461538464 0.3798076923076923 0.02403846153846154 0.025240384615384616
0 0.6466346153846154 0.38221153846153844 0.013221153846153846 0.01201923076923077
1 0.1502403846153846 0.38341346153846156 0.037259615384615384 0.03125
1 0.8004807692307693 0.38461538461538464 0.008413461538461538 0.007211538461538462
0 0.7896634615384616 0.3870192307692308 0.007211538461538462 0.008413461538461538
0 0.7283653846153846 0.390625 0.010817307692307692 0.008413461538461538
1 0.8245192307692307 0.3942307692307692 0.007211538461538462 0.007211538461538462
0 0.8125 0.3954326923076923 0.008413461538461538 0.008413461538461538
0 0.6971153846153846 0.39663461538461536 0.013221153846153846 0.015625
0 0.47716346153846156 0.39783653846153844 0.027644230769230768 0.020432692307692308
0 0.7211538461538461 0.4050480769230769 0.013221153846153846 0.014423076923076924
0 0.7548076923076923 0.4050480769230769 0.01201923076923077 0.013221153846153846
0 0.8365384615384616 0.4050480769230769 0.008413461538461538 0.009615384615384616
1 0.14903846153846154 0.40865384615384615 0.042067307692307696 0.037259615384615384
0 0.7427884615384616 0.4098557692307692 0.016826923076923076 0.014423076923076924
0 0.8641826923076923 0.41225961538461536 0.008413461538461538 0.009615384615384616
0 0.7596153846153846 0.41346153846153844 0.014423076923076924 0.010817307692307692
0 0.5084134615384616 0.4206730769230769 0.027644230769230768 0.026442307692307692
1 0.13822115384615385 0.4411057692307692 0.046875 0.046875
0 0.5360576923076923 0.4519230769230769 0.030048076923076924 0.025240384615384616