0 0.5144230769230769 0.47596153846153844 0.021634615384615384 0.037259615384615384
0 0.5408653846153846 0.5144230769230769 0.025240384615384616 0.04927884615384615
1 0.06009615384615385 0.5348557692307693 0.06490384615384616 0.1045673076923077
0 0.5697115384615384 0.5552884615384616 0.027644230769230768 0.051682692307692304
0 0.6033653846153846 0.6045673076923077 0.03125 0.05889423076923077
0 0.6466346153846154 0.6694711538461539 0.03485576923076923 0.07211538461538461
0 0.6959134615384616 0.7307692307692307 0.04927884615384615 0.0829326923076923
0 0.3713942307692308 0.3485576923076923 0.01201923076923077 0.019230769230769232
0 0.3605769230769231 0.35697115384615385 0.013221153846153846 0.03125
0 0.4050480769230769 0.359375 0.015625 0.021634615384615384
0 0.3786057692307692 0.3737980769230769 0.014423076923076924 0.03245192307692308
0 0.3954326923076923 0.3858173076923077 0.015625 0.038461538461538464
0 0.42427884615384615 0.4074519230769231 0.015625 0.03365384615384615
0 0.4543269230769231 0.421875 0.019230769230769232 0.03125
1 0.1466346153846154 0.4266826923076923 0.046875 0.06850961538461539
0 0.4855769230769231 0.4519230769230769 0.015625 0.030048076923076924