0 0.5264423076923077 0.4735576923076923 0.02403846153846154 0.03485576923076923
0 0.5528846153846154 0.5048076923076923 0.027644230769230768 0.038461538461538464
0 0.5853365384615384 0.5444711538461539 0.030048076923076924 0.042067307692307696
1 0.08774038461538461 0.5661057692307693 0.06610576923076923 0.07932692307692307
1 0.6213942307692307 0.5901442307692307 0.03485576923076923 0.04807692307692308
0 0.6670673076923077 0.6466346153846154 0.04326923076923077 0.06009615384615385
0 0.7163461538461539 0.7091346153846154 0.04927884615384615 0.0673076923076923
1 0.20552884615384615 0.31009615384615385 0.015625 0.019230769230769232
1 0.25721153846153844 0.3125 0.01201923076923077 0.018028846153846152
1 0.18509615384615385 0.3125 0.015625 0.020432692307692308
1 0.23076923076923078 0.3125 0.014423076923076924 0.019230769230769232
1 0.2848557692307692 0.31490384615384615 0.01201923076923077 0.015625
1 0.3112980769230769 0.31850961538461536 0.013221153846153846 0.018028846153846152
1 0.16826923076923078 0.31850961538461536 0.015625 0.021634615384615384
1 0.15384615384615385 0.32211538461538464 0.018028846153846152 0.02283653846153846
1 0.33653846153846156 0.3233173076923077 0.01201923076923077 0.018028846153846152
1 0.14423076923076922 0.328125 0.018028846153846152 0.021634615384615384
1 0.3641826923076923 0.3293269230769231 0.010817307692307692 0.015625
1 0.14182692307692307 0.33774038461538464 0.021634615384615384 0.021634615384615384
1 0.4098557692307692 0.34134615384615385 0.009615384615384616 0.014423076923076924
1 0.14302884615384615 0.35096153846153844 0.02403846153846154 0.028846153846153848
1 0.4567307692307692 0.35216346153846156 0.009615384615384616 0.014423076923076924
0 0.38341346153846156 0.3641826923076923 0.013221153846153846 0.021634615384615384
1 0.5012019230769231 0.3641826923076923 0.009615384615384616 0.013221153846153846
0 0.3713942307692308 0.36658653846153844 0.016826923076923076 0.02283653846153846
1 0.1502403846153846 0.36778846153846156 0.02403846153846154 0.028846153846153848
0 0.41346153846153844 0.36778846153846156 0.013221153846153846 0.021634615384615384
0 0.44471153846153844 0.375 0.014423076923076924 0.020432692307692308
1 0.5432692307692307 0.375 0.008413461538461538 0.01201923076923077
0 0.38822115384615385 0.3798076923076923 0.015625 0.026442307692307692
1 0.16826923076923078 0.38461538461538464 0.027644230769230768 0.036057692307692304
0 0.4050480769230769 0.390625 0.016826923076923076 0.026442307692307692
0 0.5036057692307693 0.390625 0.013221153846153846 0.018028846153846152
1 0.17908653846153846 0.4050480769230769 0.03125 0.037259615384615384
0 0.5588942307692307 0.40625 0.01201923076923077 0.018028846153846152
0 0.43509615384615385 0.4074519230769231 0.019230769230769232 0.027644230769230768
0 0.6129807692307693 0.4230769230769231 0.01201923076923077 0.018028846153846152
0 0.46634615384615385 0.42427884615384615 0.020432692307692308 0.030048076923076924
1 0.18028846153846154 0.43028846153846156 0.03245192307692308 0.038461538461538464
0 0.4963942307692308 0.44711538461538464 0.021634615384615384 0.03365384615384615
0 0.6646634615384616 0.4483173076923077 0.01201923076923077 0.02283653846153846
1 0.1658653846153846 0.46153846153846156 0.040865384615384616 0.05048076923076923