0 0.6189903846153846 0.4891826923076923 0.030048076923076924 0.04447115384615385
0 0.6586538461538461 0.5324519230769231 0.03485576923076923 0.04807692307692308
1 0.14423076923076922 0.5528846153846154 0.06009615384615385 0.08533653846153846
0 0.7115384615384616 0.5841346153846154 0.04326923076923077 0.057692307692307696
0 0.7680288461538461 0.6490384615384616 0.05048076923076923 0.0625
1 0.03365384615384615 0.8004807692307693 0.0673076923076923 0.1201923076923077
1 0.27884615384615385 0.2860576923076923 0.013221153846153846 0.015625
1 0.25240384615384615 0.28725961538461536 0.014423076923076924 0.014423076923076924
1 0.30528846153846156 0.28725961538461536 0.01201923076923077 0.01201923076923077
1 0.3329326923076923 0.28846153846153844 0.01201923076923077 0.013221153846153846
1 0.3557692307692308 0.28846153846153844 0.01201923076923077 0.014423076923076924
1 0.22956730769230768 0.29086538461538464 0.015625 0.016826923076923076
1 0.38461538461538464 0.2932692307692308 0.01201923076923077 0.014423076923076924
1 0.2091346153846154 0.2932692307692308 0.016826923076923076 0.018028846153846152
1 0.19230769230769232 0.29927884615384615 0.018028846153846152 0.018028846153846152
1 0.43028846153846156 0.3016826923076923 0.010817307692307692 0.014423076923076924
1 0.17908653846153846 0.30528846153846156 0.019230769230769232 0.021634615384615384
1 0.47716346153846156 0.3088942307692308 0.010817307692307692 0.01201923076923077
1 0.17067307692307693 0.3112980769230769 0.018028846153846152 0.019230769230769232
1 0.5216346153846154 0.3161057692307692 0.010817307692307692 0.013221153846153846
1 0.17067307692307693 0.32211538461538464 0.02283653846153846 0.02283653846153846
0 0.4074519230769231 0.32572115384615385 0.014423076923076924 0.016826923076923076
0 0.43509615384615385 0.32572115384615385 0.015625 0.015625
0 0.3954326923076923 0.3317307692307692 0.015625 0.02283653846153846
0 0.46634615384615385 0.3329326923076923 0.014423076923076924 0.019230769230769232
1 0.17307692307692307 0.33413461538461536 0.020432692307692308 0.025240384615384616
0 0.41225961538461536 0.3401442307692308 0.018028846153846152 0.025240384615384616
0 0.5264423076923077 0.3425480769230769 0.015625 0.016826923076923076
1 0.18389423076923078 0.3485576923076923 0.025240384615384616 0.03125
0 0.43028846153846156 0.34975961538461536 0.015625 0.027644230769230768
0 0.5817307692307693 0.35336538461538464 0.013221153846153846 0.018028846153846152
1 0.20072115384615385 0.36177884615384615 0.027644230769230768 0.03245192307692308
0 0.46033653846153844 0.36658653846153844 0.020432692307692308 0.027644230769230768
0 0.6382211538461539 0.36778846153846156 0.01201923076923077 0.014423076923076924
0 0.49278846153846156 0.3798076923076923 0.020432692307692308 0.030048076923076924
1 0.21394230769230768 0.38221153846153844 0.028846153846153848 0.039663461538461536
0 0.5240384615384616 0.39903846153846156 0.021634615384615384 0.03245192307692308
1 0.21634615384615385 0.4074519230769231 0.03365384615384615 0.042067307692307696
0 0.5564903846153846 0.4230769230769231 0.02403846153846154 0.03245192307692308
1 0.20552884615384615 0.4411057692307692 0.042067307692307696 0.04927884615384615
0 0.5853365384615384 0.45072115384615385 0.026442307692307692 0.037259615384615384