0 0.6237980769230769 0.4951923076923077 0.028846153846153848 0.04326923076923077
0 0.6646634615384616 0.5384615384615384 0.03245192307692308 0.05048076923076923
1 0.15144230769230768 0.5661057692307693 0.056490384615384616 0.0733173076923077
0 0.7175480769230769 0.5913461538461539 0.042067307692307696 0.056490384615384616
0 0.7740384615384616 0.6538461538461539 0.05048076923076923 0.06490384615384616
1 0.036057692307692304 0.8125 0.07211538461538461 0.11057692307692307
1 0.3076923076923077 0.30408653846153844 0.01201923076923077 0.013221153846153846
1 0.33533653846153844 0.30408653846153844 0.01201923076923077 0.013221153846153846
1 0.359375 0.30408653846153844 0.010817307692307692 0.014423076923076924
1 0.2824519230769231 0.30528846153846156 0.01201923076923077 0.015625
1 0.25721153846153844 0.30528846153846156 0.013221153846153846 0.015625
1 0.3870192307692308 0.3076923076923077 0.009615384615384616 0.014423076923076924
1 0.23317307692307693 0.3076923076923077 0.014423076923076924 0.016826923076923076
1 0.2127403846153846 0.3125 0.014423076923076924 0.020432692307692308
1 0.4326923076923077 0.31490384615384615 0.009615384615384616 0.01201923076923077
1 0.19831730769230768 0.31850961538461536 0.014423076923076924 0.021634615384615384
1 0.4795673076923077 0.32091346153846156 0.009615384615384616 0.013221153846153846
1 0.6189903846153846 0.32091346153846156 0.008413461538461538 0.009615384615384616
1 0.6274038461538461 0.32211538461538464 0.004807692307692308 0.008413461538461538
1 0.6358173076923077 0.32211538461538464 0.006009615384615385 0.008413461538461538
1 0.6442307692307693 0.3233173076923077 0.004807692307692308 0.008413461538461538
1 0.18389423076923078 0.3245192307692308 0.015625 0.018028846153846152
1 0.6141826923076923 0.32572115384615385 0.004807692307692308 0.009615384615384616
1 0.65625 0.3269230769230769 0.006009615384615385 0.007211538461538462
1 0.5240384615384616 0.3269230769230769 0.009615384615384616 0.01201923076923077
1 0.6670673076923077 0.3293269230769231 0.003605769230769231 0.007211538461538462
1 0.6129807692307693 0.3329326923076923 0.006009615384615385 0.009615384615384616
1 0.17668269230769232 0.3329326923076923 0.016826923076923076 0.020432692307692308
1 0.5661057692307693 0.33533653846153844 0.008413461538461538 0.013221153846153846
1 0.6911057692307693 0.33533653846153844 0.006009615384615385 0.008413461538461538
0 0.4098557692307692 0.33774038461538464 0.01201923076923077 0.015625
1 0.5865384615384616 0.3389423076923077 0.008413461538461538 0.014423076923076924
0 0.4387019230769231 0.3401442307692308 0.013221153846153846 0.015625
1 0.6141826923076923 0.3401442307692308 0.009615384615384616 0.013221153846153846
1 0.7151442307692307 0.34134615384615385 0.006009615384615385 0.008413461538461538
1 0.6057692307692307 0.3425480769230769 0.008413461538461538 0.01201923076923077
0 0.4699519230769231 0.34375 0.013221153846153846 0.016826923076923076
1 0.17427884615384615 0.3449519230769231 0.019230769230769232 0.025240384615384616
0 0.39783653846153844 0.3449519230769231 0.014423076923076924 0.020432692307692308
0 0.6959134615384616 0.34615384615384615 0.007211538461538462 0.010817307692307692
0 0.7079326923076923 0.3473557692307692 0.006009615384615385 0.007211538461538462
1 0.7391826923076923 0.3485576923076923 0.006009615384615385 0.009615384615384616
0 0.7199519230769231 0.34975961538461536 0.006009615384615385 0.008413461538461538
0 0.5300480769230769 0.35216346153846156 0.01201923076923077 0.015625
0 0.7007211538461539 0.35216346153846156 0.006009615384615385 0.008413461538461538
0 0.7331730769230769 0.35336538461538464 0.006009615384615385 0.009615384615384616
0 0.7067307692307693 0.35336538461538464 0.006009615384615385 0.008413461538461538
0 0.41586538461538464 0.3545673076923077 0.015625 0.02403846153846154
1 0.7632211538461539 0.3545673076923077 0.004807692307692308 0.008413461538461538
0 0.7127403846153846 0.35697115384615385 0.006009615384615385 0.007211538461538462
1 0.17908653846153846 0.35697115384615385 0.021634615384615384 0.025240384615384616
0 0.7620192307692307 0.3605769230769231 0.006009615384615385 0.009615384615384616
1 0.7872596153846154 0.3605769230769231 0.006009615384615385 0.008413461538461538
0 0.5853365384615384 0.36177884615384615 0.01201923076923077 0.015625
0 0.4326923076923077 0.3641826923076923 0.018028846153846152 0.02403846153846154
0 0.7307692307692307 0.36538461538461536 0.008413461538461538 0.01201923076923077
1 0.8100961538461539 0.36658653846153844 0.006009615384615385 0.008413461538461538
0 0.7896634615384616 0.36778846153846156 0.007211538461538462 0.010817307692307692
1 0.18870192307692307 0.36899038461538464 0.021634615384615384 0.026442307692307692
1 0.8341346153846154 0.37259615384615385 0.006009615384615385 0.007211538461538462
0 0.8173076923076923 0.375 0.006009615384615385 0.008413461538461538
0 0.640625 0.375 0.01201923076923077 0.015625
0 0.46274038461538464 0.37740384615384615 0.018028846153846152 0.026442307692307692
0 0.7524038461538461 0.3786057692307692 0.009615384615384616 0.014423076923076924
1 0.8569711538461539 0.3798076923076923 0.006009615384615385 0.008413461538461538
0 0.8461538461538461 0.38221153846153844 0.007211538461538462 0.008413461538461538
1 0.20432692307692307 0.38461538461538464 0.026442307692307692 0.036057692307692304
0 0.6947115384615384 0.3858173076923077 0.013221153846153846 0.015625
1 0.8834134615384616 0.38822115384615385 0.006009615384615385 0.008413461538461538
0 0.8713942307692307 0.3894230769230769 0.006009615384615385 0.008413461538461538
0 0.78125 0.390625 0.01201923076923077 0.015625
0 0.4951923076923077 0.3918269230769231 0.019230769230769232 0.028846153846153848
0 0.8978365384615384 0.39903846153846156 0.006009615384615385 0.009615384615384616
0 0.7487980769230769 0.39903846153846156 0.013221153846153846 0.016826923076923076
1 0.21875 0.4026442307692308 0.027644230769230768 0.042067307692307696
0 0.7740384615384616 0.40384615384615385 0.013221153846153846 0.015625
0 0.8100961538461539 0.40384615384615385 0.010817307692307692 0.014423076923076924
0 0.9278846153846154 0.4074519230769231 0.007211538461538462 0.01201923076923077
0 0.7992788461538461 0.40865384615384615 0.013221153846153846 0.015625
0 0.5288461538461539 0.4098557692307692 0.021634615384615384 0.030048076923076924
0 0.8149038461538461 0.4110576923076923 0.01201923076923077 0.016826923076923076
1 0.22115384615384615 0.4266826923076923 0.03245192307692308 0.040865384615384616
0 0.5600961538461539 0.4338942307692308 0.02283653846153846 0.03125
1 0.2127403846153846 0.4567307692307692 0.038461538461538464 0.052884615384615384
0 0.5889423076923077 0.46153846153846156 0.025240384615384616 0.037259615384615384