0 0.5685096153846154 0.4831730769230769 0.019230769230769232 0.030048076923076924
1 0.23557692307692307 0.4855769230769231 0.03125 0.03485576923076923
0 0.5985576923076923 0.5096153846153846 0.025240384615384616 0.03245192307692308
1 0.22716346153846154 0.5168269230769231 0.037259615384615384 0.042067307692307696
0 0.6322115384615384 0.5456730769230769 0.028846153846153848 0.042067307692307696
0 0.6742788461538461 0.5901442307692307 0.03485576923076923 0.042067307692307696
1 0.16826923076923078 0.6274038461538461 0.054086538461538464 0.06490384615384616
0 0.7271634615384616 0.6394230769230769 0.042067307692307696 0.054086538461538464
0 0.7872596153846154 0.6983173076923077 0.05048076923076923 0.06490384615384616
1 0.04447115384615385 0.8665865384615384 0.08774038461538461 0.09975961538461539
1 0.2932692307692308 0.35336538461538464 0.009615384615384616 0.01201923076923077
1 0.3473557692307692 0.3545673076923077 0.013221153846153846 0.015625
1 0.2692307692307692 0.3557692307692308 0.010817307692307692 0.015625
1 0.36899038461538464 0.3557692307692308 0.010817307692307692 0.016826923076923076
1 0.31971153846153844 0.3557692307692308 0.01201923076923077 0.016826923076923076
1 0.39783653846153844 0.359375 0.009615384615384616 0.014423076923076924
1 0.6382211538461539 0.36177884615384615 0.004807692307692308 0.008413461538461538
1 0.24759615384615385 0.36177884615384615 0.013221153846153846 0.020432692307692308
1 0.6454326923076923 0.3629807692307692 0.006009615384615385 0.008413461538461538
1 0.6538461538461539 0.3641826923076923 0.004807692307692308 0.008413461538461538
1 0.4423076923076923 0.3641826923076923 0.009615384615384616 0.015625
1 0.6658653846153846 0.36538461538461536 0.006009615384615385 0.007211538461538462
1 0.22596153846153846 0.36778846153846156 0.014423076923076924 0.019230769230769232
1 0.6766826923076923 0.36899038461538464 0.006009615384615385 0.008413461538461538
1 0.4879807692307692 0.3701923076923077 0.009615384615384616 0.016826923076923076
1 0.2127403846153846 0.37259615384615385 0.014423076923076924 0.018028846153846152
1 0.5336538461538461 0.37259615384615385 0.008413461538461538 0.01201923076923077
1 0.7007211538461539 0.3737980769230769 0.004807692307692308 0.008413461538461538
1 0.5757211538461539 0.3798076923076923 0.008413461538461538 0.01201923076923077
1 0.7247596153846154 0.3798076923076923 0.004807692307692308 0.008413461538461538
1 0.5949519230769231 0.38100961538461536 0.008413461538461538 0.009615384615384616
1 0.19951923076923078 0.38100961538461536 0.015625 0.026442307692307692
1 0.75 0.38461538461538464 0.004807692307692308 0.004807692307692308
0 0.7163461538461539 0.38461538461538464 0.007211538461538462 0.009615384615384616
1 0.6153846153846154 0.3858173076923077 0.008413461538461538 0.010817307692307692
0 0.7307692307692307 0.3870192307692308 0.006009615384615385 0.008413461538461538
1 0.19110576923076922 0.38822115384615385 0.018028846153846152 0.021634615384615384
1 0.7752403846153846 0.3894230769230769 0.004807692307692308 0.006009615384615385
0 0.41947115384615385 0.3894230769230769 0.01201923076923077 0.018028846153846152
0 0.4483173076923077 0.390625 0.015625 0.020432692307692308
0 0.7451923076923077 0.390625 0.006009615384615385 0.009615384615384616
0 0.47836538461538464 0.3942307692307692 0.013221153846153846 0.020432692307692308
0 0.7163461538461539 0.3942307692307692 0.006009615384615385 0.009615384615384616
0 0.40865384615384615 0.3954326923076923 0.013221153846153846 0.021634615384615384
0 0.7728365384615384 0.39663461538461536 0.006009615384615385 0.007211538461538462
0 0.7223557692307693 0.39663461538461536 0.006009615384615385 0.008413461538461538
0 0.5396634615384616 0.4014423076923077 0.013221153846153846 0.019230769230769232
1 0.19110576923076922 0.4014423076923077 0.020432692307692308 0.03125
0 0.8016826923076923 0.4026442307692308 0.004807692307692308 0.008413461538461538
0 0.7403846153846154 0.4050480769230769 0.007211538461538462 0.009615384615384616
0 0.42427884615384615 0.4074519230769231 0.015625 0.02283653846153846
0 0.8305288461538461 0.40865384615384615 0.004807692307692308 0.008413461538461538
0 0.5949519230769231 0.4098557692307692 0.01201923076923077 0.020432692307692308
0 0.7644230769230769 0.41466346153846156 0.008413461538461538 0.009615384615384616
0 0.859375 0.41466346153846156 0.006009615384615385 0.008413461538461538
1 0.19591346153846154 0.41466346153846156 0.021634615384615384 0.030048076923076924
0 0.6502403846153846 0.4170673076923077 0.01201923076923077 0.015625
0 0.44350961538461536 0.4170673076923077 0.015625 0.027644230769230768
0 0.8846153846153846 0.4206730769230769 0.006009615384615385 0.009615384615384616
1 0.20432692307692307 0.4254807692307692 0.025240384615384616 0.03485576923076923
0 0.7932692307692307 0.42788461538461536 0.009615384615384616 0.013221153846153846
0 0.7055288461538461 0.42788461538461536 0.01201923076923077 0.018028846153846152
0 0.9122596153846154 0.42908653846153844 0.004807692307692308 0.008413461538461538
0 0.4723557692307692 0.43028846153846156 0.015625 0.02403846153846154
0 0.9435096153846154 0.4375 0.004807692307692308 0.009615384615384616
0 0.7584134615384616 0.4387019230769231 0.013221153846153846 0.019230769230769232
1 0.22115384615384615 0.43990384615384615 0.025240384615384616 0.028846153846153848
0 0.5060096153846154 0.4411057692307692 0.018028846153846152 0.026442307692307692
0 0.8221153846153846 0.4411057692307692 0.009615384615384616 0.016826923076923076
0 0.7860576923076923 0.44350961538461536 0.01201923076923077 0.018028846153846152
0 0.8100961538461539 0.44711538461538464 0.01201923076923077 0.020432692307692308
0 0.8293269230769231 0.4483173076923077 0.01201923076923077 0.016826923076923076
1 0.23317307692307693 0.45913461538461536 0.027644230769230768 0.03365384615384615
0 0.5372596153846154 0.46033653846153844 0.019230769230769232 0.026442307692307692