1 0.6730769230769231 0.484375 0.006009615384615385 0.006009615384615385
1 0.6814903846153846 0.484375 0.004807692307692308 0.007211538461538462
1 0.6899038461538461 0.4855769230769231 0.006009615384615385 0.007211538461538462
1 0.7019230769230769 0.48677884615384615 0.007211538461538462 0.006009615384615385
1 0.33533653846153844 0.4879807692307692 0.013221153846153846 0.013221153846153846
1 0.38461538461538464 0.4879807692307692 0.01201923076923077 0.014423076923076924
1 0.359375 0.4879807692307692 0.01201923076923077 0.014423076923076924
1 0.7139423076923077 0.4891826923076923 0.007211538461538462 0.007211538461538462
1 0.4074519230769231 0.4891826923076923 0.01201923076923077 0.014423076923076924
1 0.3112980769230769 0.49038461538461536 0.013221153846153846 0.016826923076923076
1 0.4338942307692308 0.49158653846153844 0.01201923076923077 0.014423076923076924
1 0.7391826923076923 0.49278846153846156 0.007211538461538462 0.008413461538461538
1 0.29086538461538464 0.4951923076923077 0.013221153846153846 0.015625
1 0.765625 0.49759615384615385 0.006009615384615385 0.008413461538461538
1 0.47716346153846156 0.4987980769230769 0.010817307692307692 0.014423076923076924
1 0.27283653846153844 0.5012019230769231 0.015625 0.018028846153846152
1 0.7908653846153846 0.5036057692307693 0.006009615384615385 0.009615384615384616
1 0.5228365384615384 0.5036057692307693 0.010817307692307692 0.01201923076923077
1 0.6574519230769231 0.5060096153846154 0.009615384615384616 0.009615384615384616
1 0.5673076923076923 0.5072115384615384 0.01201923076923077 0.01201923076923077
1 0.8173076923076923 0.5072115384615384 0.007211538461538462 0.009615384615384616
0 0.7704326923076923 0.5084134615384616 0.008413461538461538 0.007211538461538462
1 0.25961538461538464 0.5096153846153846 0.013221153846153846 0.019230769230769232
0 0.7860576923076923 0.5120192307692307 0.008413461538461538 0.008413461538461538
1 0.84375 0.5132211538461539 0.007211538461538462 0.009615384615384616
1 0.6586538461538461 0.5132211538461539 0.010817307692307692 0.01201923076923077
1 0.609375 0.515625 0.009615384615384616 0.015625
1 0.6298076923076923 0.5168269230769231 0.01201923076923077 0.015625
1 0.8689903846153846 0.5168269230769231 0.007211538461538462 0.008413461538461538
0 0.8161057692307693 0.5168269230769231 0.008413461538461538 0.008413461538461538
1 0.24759615384615385 0.5168269230769231 0.018028846153846152 0.018028846153846152
1 0.6490384615384616 0.5180288461538461 0.010817307692307692 0.01201923076923077
1 0.8954326923076923 0.5216346153846154 0.007211538461538462 0.008413461538461538
0 0.8473557692307693 0.5216346153846154 0.008413461538461538 0.008413461538461538
0 0.7632211538461539 0.5228365384615384 0.010817307692307692 0.01201923076923077
1 0.9206730769230769 0.5264423076923077 0.007211538461538462 0.008413461538461538
0 0.8774038461538461 0.5264423076923077 0.009615384615384616 0.008413461538461538
1 0.2403846153846154 0.5288461538461539 0.021634615384615384 0.020432692307692308
0 0.7824519230769231 0.53125 0.010817307692307692 0.01201923076923077
0 0.9086538461538461 0.53125 0.009615384615384616 0.009615384615384616
1 0.9507211538461539 0.5336538461538461 0.009615384615384616 0.009615384615384616
0 0.4831730769230769 0.5336538461538461 0.015625 0.015625
0 0.45552884615384615 0.5348557692307693 0.015625 0.018028846153846152
0 0.5132211538461539 0.5372596153846154 0.014423076923076924 0.020432692307692308
0 0.9362980769230769 0.5372596153846154 0.009615384615384616 0.009615384615384616
1 0.2403846153846154 0.5432692307692307 0.021634615384615384 0.019230769230769232
0 0.44350961538461536 0.5432692307692307 0.016826923076923076 0.015625
0 0.5721153846153846 0.5444711538461539 0.016826923076923076 0.016826923076923076
0 0.9651442307692307 0.5444711538461539 0.007211538461538462 0.009615384615384616
0 0.8064903846153846 0.5456730769230769 0.013221153846153846 0.015625
0 0.6286057692307693 0.5504807692307693 0.016826923076923076 0.016826923076923076
0 0.9963942307692307 0.5528846153846154 0.002403846153846154 0.014423076923076924
0 0.46153846153846156 0.5552884615384616 0.018028846153846152 0.019230769230769232
0 0.8377403846153846 0.5564903846153846 0.014423076923076924 0.015625
0 0.6875 0.5588942307692307 0.019230769230769232 0.016826923076923076
1 0.24278846153846154 0.5588942307692307 0.020432692307692308 0.021634615384615384
0 0.47716346153846156 0.5673076923076923 0.018028846153846152 0.020432692307692308
0 0.7439903846153846 0.5673076923076923 0.019230769230769232 0.016826923076923076
0 0.8701923076923077 0.5745192307692307 0.018028846153846152 0.019230769230769232
0 0.8028846153846154 0.5757211538461539 0.021634615384615384 0.018028846153846152
0 0.8305288461538461 0.578125 0.018028846153846152 0.016826923076923076
1 0.2512019230769231 0.5793269230769231 0.02403846153846154 0.028846153846153848
0 0.8762019230769231 0.5817307692307693 0.019230769230769232 0.019230769230769232
0 0.8581730769230769 0.5817307692307693 0.016826923076923076 0.019230769230769232
0 0.5072115384615384 0.5853365384615384 0.020432692307692308 0.02403846153846154
1 0.265625 0.5997596153846154 0.026442307692307692 0.027644230769230768
0 0.5396634615384616 0.6021634615384616 0.02403846153846154 0.025240384615384616
1 0.2776442307692308 0.625 0.028846153846153848 0.03365384615384615
0 0.5709134615384616 0.6262019230769231 0.025240384615384616 0.027644230769230768
0 0.6033653846153846 0.6526442307692307 0.03125 0.027644230769230768
1 0.2800480769230769 0.6574519230769231 0.03125 0.037259615384615384
0 0.6322115384615384 0.6875 0.03485576923076923 0.03485576923076923
1 0.27283653846153844 0.6971153846153846 0.036057692307692304 0.042067307692307696
0 0.6670673076923077 0.7247596153846154 0.03485576923076923 0.03125
0 0.7079326923076923 0.7716346153846154 0.042067307692307696 0.04447115384615385
1 0.22115384615384615 0.8233173076923077 0.056490384615384616 0.05889423076923077
0 0.7596153846153846 0.8329326923076923 0.05048076923076923 0.040865384615384616
0 0.8197115384615384 0.8894230769230769 0.054086538461538464 0.04567307692307692