0 0.5480769230769231 0.46875 0.015625 0.03245192307692308
1 0.3762019230769231 0.4807692307692308 0.015625 0.03245192307692308
0 0.5625 0.49038461538461536 0.019230769230769232 0.03485576923076923
0 0.5817307692307693 0.5060096153846154 0.016826923076923076 0.03245192307692308
1 0.38822115384615385 0.5060096153846154 0.018028846153846152 0.028846153846153848
0 0.609375 0.5348557692307693 0.016826923076923076 0.036057692307692304
1 0.40024038461538464 0.5408653846153846 0.021634615384615384 0.03365384615384615
0 0.6394230769230769 0.5625 0.019230769230769232 0.03485576923076923
1 0.4026442307692308 0.5817307692307693 0.021634615384615384 0.039663461538461536
0 0.671875 0.5997596153846154 0.025240384615384616 0.04326923076923077
1 0.39783653846153844 0.6298076923076923 0.027644230769230768 0.052884615384615384
0 0.7007211538461539 0.6358173076923077 0.02403846153846154 0.046875
0 0.7307692307692307 0.6838942307692307 0.025240384615384616 0.046875
0 0.7620192307692307 0.7403846153846154 0.025240384615384616 0.051682692307692304
1 0.36658653846153844 0.7668269230769231 0.042067307692307696 0.078125
0 0.7944711538461539 0.8016826923076923 0.03485576923076923 0.052884615384615384
0 0.8413461538461539 0.875 0.036057692307692304 0.0625
0 0.8858173076923077 0.9459134615384616 0.04447115384615385 0.06490384615384616
1 0.30408653846153844 0.9747596153846154 0.05889423076923077 0.04927884615384615
1 0.44350961538461536 0.3786057692307692 0.009615384615384616 0.02283653846153846
1 0.4206730769230769 0.3798076923076923 0.009615384615384616 0.021634615384615384
1 0.40384615384615385 0.38100961538461536 0.013221153846153846 0.028846153846153848
1 0.4639423076923077 0.38461538461538464 0.009615384615384616 0.020432692307692308
1 0.48677884615384615 0.38822115384615385 0.009615384615384616 0.02283653846153846
1 0.38822115384615385 0.3918269230769231 0.01201923076923077 0.026442307692307692
1 0.36899038461538464 0.40625 0.008413461538461538 0.027644230769230768
1 0.3629807692307692 0.4170673076923077 0.013221153846153846 0.021634615384615384
1 0.3629807692307692 0.4375 0.014423076923076924 0.025240384615384616
1 0.36658653846153844 0.45913461538461536 0.015625 0.02283653846153846