1 0.4987980769230769 0.4699519230769231 0.030048076923076924 0.037259615384615384
1 0.49278846153846156 0.5168269230769231 0.027644230769230768 0.04567307692307692
1 0.46274038461538464 0.6382211538461539 0.038461538461538464 0.057692307692307696
1 0.4014423076923077 0.8533653846153846 0.052884615384615384 0.09495192307692307
1 0.4987980769230769 0.29086538461538464 0.013221153846153846 0.026442307692307692
1 0.4807692307692308 0.2920673076923077 0.01201923076923077 0.020432692307692308
1 0.47115384615384615 0.29927884615384615 0.010817307692307692 0.016826923076923076
1 0.46153846153846156 0.30288461538461536 0.010817307692307692 0.014423076923076924
1 0.4579326923076923 0.3161057692307692 0.013221153846153846 0.016826923076923076
1 0.4579326923076923 0.3329326923076923 0.013221153846153846 0.018028846153846152
1 0.46153846153846156 0.35336538461538464 0.018028846153846152 0.025240384615384616
1 0.46875 0.37259615384615385 0.016826923076923076 0.030048076923076924
1 0.484375 0.4014423076923077 0.021634615384615384 0.026442307692307692
1 0.4951923076923077 0.43149038461538464 0.021634615384615384 0.021634615384615384