0 0.5360576923076923 0.4723557692307692 0.021634615384615384 0.04447115384615385
1 0.21634615384615385 0.49278846153846156 0.02403846153846154 0.04807692307692308
0 0.5576923076923077 0.5120192307692307 0.02283653846153846 0.039663461538461536
1 0.20552884615384615 0.5372596153846154 0.028846153846153848 0.052884615384615384
0 0.5793269230769231 0.5576923076923077 0.028846153846153848 0.052884615384615384
0 0.6057692307692307 0.6153846153846154 0.030048076923076924 0.06490384615384616
1 0.1466346153846154 0.6730769230769231 0.04927884615384615 0.06610576923076923
0 0.6334134615384616 0.6899038461538461 0.03485576923076923 0.06610576923076923
0 0.6694711538461539 0.7620192307692307 0.039663461538461536 0.06850961538461539
1 0.051682692307692304 0.8918269230769231 0.0673076923076923 0.078125
0 0.41346153846153844 0.33533653846153844 0.013221153846153846 0.02403846153846154
0 0.43990384615384615 0.33533653846153844 0.014423076923076924 0.02403846153846154
0 0.47115384615384615 0.33653846153846156 0.01201923076923077 0.02283653846153846
0 0.5300480769230769 0.3449519230769231 0.013221153846153846 0.021634615384615384
0 0.4014423076923077 0.34615384615384615 0.01201923076923077 0.02283653846153846
0 0.5877403846153846 0.35216346153846156 0.013221153846153846 0.026442307692307692
0 0.41466346153846156 0.36177884615384615 0.013221153846153846 0.027644230769230768
0 0.6430288461538461 0.3629807692307692 0.016826923076923076 0.028846153846153848
0 0.7019230769230769 0.3713942307692308 0.013221153846153846 0.027644230769230768
0 0.42908653846153844 0.3786057692307692 0.015625 0.026442307692307692
0 0.7596153846153846 0.38341346153846156 0.009615384615384616 0.02283653846153846
0 0.7836538461538461 0.38822115384615385 0.010817307692307692 0.02283653846153846
0 0.8293269230769231 0.39302884615384615 0.014423076923076924 0.027644230769230768
0 0.45552884615384615 0.3942307692307692 0.018028846153846152 0.027644230769230768
0 0.8088942307692307 0.3954326923076923 0.015625 0.02283653846153846
1 0.1971153846153846 0.40024038461538464 0.015625 0.025240384615384616
0 0.4831730769230769 0.4170673076923077 0.020432692307692308 0.03485576923076923
1 0.20793269230769232 0.4266826923076923 0.02283653846153846 0.03485576923076923
0 0.5108173076923077 0.43990384615384615 0.019230769230769232 0.03485576923076923
1 0.21754807692307693 0.4519230769230769 0.026442307692307692 0.04326923076923077