0 0.8425480769230769 0.49278846153846156 0.04326923076923077 0.052884615384615384
0 0.8629807692307693 0.5745192307692307 0.051682692307692304 0.057692307692307696
1 0.2704326923076923 0.6033653846153846 0.054086538461538464 0.06971153846153846
0 0.8870192307692307 0.6790865384615384 0.06129807692307692 0.06610576923076923
0 0.90625 0.7848557692307693 0.06370192307692307 0.07451923076923077
1 0.4639423076923077 0.17067307692307693 0.013221153846153846 0.016826923076923076
1 0.46153846153846156 0.18389423076923078 0.015625 0.019230769230769232
0 0.6706730769230769 0.1971153846153846 0.014423076923076924 0.018028846153846152
0 0.6538461538461539 0.20072115384615385 0.014423076923076924 0.018028846153846152
1 0.46274038461538464 0.20192307692307693 0.016826923076923076 0.020432692307692308
0 0.7043269230769231 0.203125 0.020432692307692308 0.02283653846153846
0 0.6694711538461539 0.21754807692307693 0.016826923076923076 0.018028846153846152
1 0.46875 0.22115384615384615 0.018028846153846152 0.021634615384615384
0 0.6838942307692307 0.234375 0.020432692307692308 0.02283653846153846
1 0.47115384615384615 0.24519230769230768 0.021634615384615384 0.027644230769230768
0 0.7115384615384616 0.2620192307692308 0.02403846153846154 0.025240384615384616
1 0.4639423076923077 0.2776442307692308 0.02403846153846154 0.03485576923076923
0 0.7427884615384616 0.2920673076923077 0.028846153846153848 0.03245192307692308
1 0.4483173076923077 0.3125 0.025240384615384616 0.040865384615384616
0 0.7728365384615384 0.3293269230769231 0.02403846153846154 0.027644230769230768
0 0.7992788461538461 0.37259615384615385 0.030048076923076924 0.036057692307692304
1 0.38221153846153844 0.4182692307692308 0.037259615384615384 0.04927884615384615
0 0.8221153846153846 0.4266826923076923 0.03365384615384615 0.042067307692307696