0 0.5432692307692307 0.5396634615384616 0.046875 0.08173076923076923
0 0.5733173076923077 0.6574519230769231 0.04927884615384615 0.08533653846153846
1 0.296875 0.078125 0.015625 0.010817307692307692
1 0.265625 0.078125 0.013221153846153846 0.01201923076923077
1 0.3293269230769231 0.07932692307692307 0.014423076923076924 0.010817307692307692
1 0.23557692307692307 0.08173076923076923 0.013221153846153846 0.013221153846153846
1 0.20192307692307693 0.08533653846153846 0.018028846153846152 0.015625
1 0.16826923076923078 0.08653846153846154 0.019230769230769232 0.016826923076923076
1 0.38221153846153844 0.08774038461538461 0.013221153846153846 0.010817307692307692
1 0.13701923076923078 0.09375 0.019230769230769232 0.013221153846153846
1 0.4362980769230769 0.09495192307692307 0.013221153846153846 0.009615384615384616
1 0.10697115384615384 0.10336538461538461 0.020432692307692308 0.014423076923076924
1 0.48677884615384615 0.10576923076923077 0.01201923076923077 0.009615384615384616
1 0.6117788461538461 0.10576923076923077 0.006009615384615385 0.008413461538461538
1 0.6057692307692307 0.10697115384615384 0.004807692307692308 0.008413461538461538
1 0.6189903846153846 0.10817307692307693 0.007211538461538462 0.008413461538461538
1 0.6286057692307693 0.109375 0.004807692307692308 0.007211538461538462
1 0.6009615384615384 0.11057692307692307 0.006009615384615385 0.007211538461538462
1 0.0829326923076923 0.11177884615384616 0.019230769230769232 0.016826923076923076
1 0.6382211538461539 0.11298076923076923 0.006009615384615385 0.008413461538461538
1 0.5985576923076923 0.1141826923076923 0.008413461538461538 0.007211538461538462
1 0.6514423076923077 0.11778846153846154 0.006009615384615385 0.006009615384615385
1 0.5336538461538461 0.11778846153846154 0.010817307692307692 0.010817307692307692
1 0.5949519230769231 0.11899038461538461 0.009615384615384616 0.007211538461538462
0 0.3317307692307692 0.12139423076923077 0.016826923076923076 0.015625
1 0.06129807692307692 0.12259615384615384 0.018028846153846152 0.021634615384615384
1 0.6622596153846154 0.12259615384615384 0.007211538461538462 0.007211538461538462
1 0.5564903846153846 0.12379807692307693 0.010817307692307692 0.008413461538461538
0 0.36778846153846156 0.12379807692307693 0.018028846153846152 0.020432692307692308
1 0.5925480769230769 0.125 0.008413461538461538 0.008413461538461538
0 0.40384615384615385 0.12740384615384615 0.015625 0.018028846153846152
1 0.578125 0.12980769230769232 0.009615384615384616 0.008413461538461538
0 0.3125 0.12980769230769232 0.019230769230769232 0.013221153846153846
1 0.5889423076923077 0.1310096153846154 0.010817307692307692 0.009615384615384616
1 0.04447115384615385 0.13341346153846154 0.018028846153846152 0.016826923076923076
1 0.6887019230769231 0.13341346153846154 0.007211538461538462 0.006009615384615385
0 0.4735576923076923 0.140625 0.015625 0.020432692307692308
0 0.32572115384615385 0.14182692307692307 0.019230769230769232 0.018028846153846152
1 0.7139423076923077 0.14543269230769232 0.006009615384615385 0.008413461538461538
1 0.03365384615384615 0.1466346153846154 0.02403846153846154 0.016826923076923076
0 0.6887019230769231 0.14783653846153846 0.01201923076923077 0.009615384615384616
0 0.7019230769230769 0.14783653846153846 0.006009615384615385 0.008413461538461538
0 0.7163461538461539 0.15504807692307693 0.007211538461538462 0.008413461538461538
0 0.5384615384615384 0.15504807692307693 0.015625 0.016826923076923076
0 0.3425480769230769 0.15504807692307693 0.020432692307692308 0.020432692307692308
1 0.7391826923076923 0.15625 0.007211538461538462 0.008413461538461538
0 0.6971153846153846 0.15985576923076922 0.010817307692307692 0.009615384615384616
0 0.7307692307692307 0.16105769230769232 0.008413461538461538 0.009615384615384616
1 0.028846153846153848 0.16466346153846154 0.030048076923076924 0.020432692307692308
0 0.7019230769230769 0.16466346153846154 0.01201923076923077 0.007211538461538462
1 0.765625 0.16706730769230768 0.006009615384615385 0.007211538461538462
0 0.36899038461538464 0.17307692307692307 0.02283653846153846 0.027644230769230768
0 0.6009615384615384 0.17427884615384615 0.013221153846153846 0.015625
0 0.71875 0.17427884615384615 0.01201923076923077 0.01201923076923077
0 0.7584134615384616 0.17548076923076922 0.008413461538461538 0.009615384615384616
1 0.7896634615384616 0.17908653846153846 0.006009615384615385 0.006009615384615385
1 0.025240384615384616 0.18269230769230768 0.03125 0.020432692307692308
0 0.7884615384615384 0.18870192307692307 0.007211538461538462 0.008413461538461538
1 0.8149038461538461 0.18990384615384615 0.006009615384615385 0.008413461538461538
0 0.7379807692307693 0.19230769230769232 0.010817307692307692 0.01201923076923077
0 0.6610576923076923 0.19591346153846154 0.014423076923076924 0.015625
0 0.39783653846153844 0.19591346153846154 0.025240384615384616 0.028846153846153848
0 0.8173076923076923 0.20072115384615385 0.007211538461538462 0.007211538461538462
1 0.8389423076923077 0.20192307692307693 0.007211538461538462 0.007211538461538462
1 0.03125 0.20432692307692307 0.039663461538461536 0.021634615384615384
0 0.765625 0.2127403846153846 0.013221153846153846 0.014423076923076924
1 0.8629807692307693 0.21394230769230768 0.007211538461538462 0.006009615384615385
0 0.8485576923076923 0.21514423076923078 0.008413461538461538 0.010817307692307692
0 0.7211538461538461 0.21875 0.013221153846153846 0.014423076923076924
0 0.4266826923076923 0.21875 0.02403846153846154 0.03245192307692308
0 0.8737980769230769 0.22716346153846154 0.009615384615384616 0.008413461538461538
1 0.8918269230769231 0.22716346153846154 0.008413461538461538 0.007211538461538462
1 0.030048076923076924 0.22956730769230768 0.04567307692307692 0.03365384615384615
0 0.7487980769230769 0.23076923076923078 0.013221153846153846 0.015625
0 0.7932692307692307 0.234375 0.013221153846153846 0.010817307692307692
0 0.7764423076923077 0.23918269230769232 0.014423076923076924 0.018028846153846152
0 0.9014423076923077 0.2403846153846154 0.008413461538461538 0.007211538461538462
0 0.7956730769230769 0.24519230769230768 0.014423076923076924 0.013221153846153846
0 0.9326923076923077 0.25600961538461536 0.007211538461538462 0.007211538461538462
0 0.45072115384615385 0.25721153846153844 0.025240384615384616 0.037259615384615384
1 0.018028846153846152 0.26802884615384615 0.03485576923076923 0.04447115384615385
0 0.47115384615384615 0.30408653846153844 0.028846153846153848 0.040865384615384616
0 0.49158653846153844 0.36177884615384615 0.028846153846153848 0.05048076923076923
0 0.515625 0.4411057692307692 0.036057692307692304 0.06129807692307692