0 0.5757211538461539 0.5528846153846154 0.046875 0.08052884615384616
0 0.6069711538461539 0.6814903846153846 0.06009615384615385 0.0985576923076923
0 0.640625 0.8221153846153846 0.06971153846153846 0.10336538461538461
1 0.2932692307692308 0.09735576923076923 0.015625 0.021634615384615384
1 0.23076923076923078 0.0985576923076923 0.018028846153846152 0.018028846153846152
1 0.26322115384615385 0.0985576923076923 0.014423076923076924 0.018028846153846152
1 0.32572115384615385 0.09975961538461539 0.015625 0.019230769230769232
1 0.35336538461538464 0.10096153846153846 0.013221153846153846 0.018028846153846152
1 0.20192307692307693 0.10216346153846154 0.018028846153846152 0.020432692307692308
1 0.3858173076923077 0.10697115384615384 0.013221153846153846 0.020432692307692308
1 0.17307692307692307 0.11057692307692307 0.021634615384615384 0.020432692307692308
1 0.43509615384615385 0.11778846153846154 0.013221153846153846 0.018028846153846152
1 0.14903846153846154 0.1201923076923077 0.020432692307692308 0.021634615384615384
1 0.12740384615384615 0.12860576923076922 0.021634615384615384 0.019230769230769232
1 0.4879807692307692 0.13221153846153846 0.01201923076923077 0.020432692307692308
1 0.10817307692307693 0.14182692307692307 0.02403846153846154 0.02403846153846154
1 0.5396634615384616 0.14783653846153846 0.014423076923076924 0.021634615384615384
0 0.38461538461538464 0.15384615384615385 0.019230769230769232 0.027644230769230768
0 0.4206730769230769 0.15625 0.018028846153846152 0.026442307692307692
1 0.09735576923076923 0.15625 0.026442307692307692 0.026442307692307692
0 0.36658653846153844 0.15985576923076922 0.019230769230769232 0.028846153846153848
1 0.5877403846153846 0.16346153846153846 0.013221153846153846 0.020432692307692308
0 0.4567307692307692 0.16466346153846154 0.016826923076923076 0.027644230769230768
1 0.6105769230769231 0.17067307692307693 0.01201923076923077 0.021634615384615384
1 0.08774038461538461 0.17427884615384615 0.028846153846153848 0.027644230769230768
0 0.3798076923076923 0.17668269230769232 0.019230769230769232 0.028846153846153848
1 0.6334134615384616 0.1814903846153846 0.010817307692307692 0.015625
0 0.5276442307692307 0.18389423076923078 0.018028846153846152 0.02403846153846154
0 0.3954326923076923 0.19230769230769232 0.020432692307692308 0.030048076923076924
1 0.08533653846153846 0.19591346153846154 0.03365384615384615 0.03365384615384615
0 0.5949519230769231 0.20552884615384615 0.015625 0.026442307692307692
1 0.0889423076923077 0.21875 0.036057692307692304 0.036057692307692304
0 0.421875 0.21875 0.02403846153846154 0.038461538461538464
0 0.6586538461538461 0.23557692307692307 0.016826923076923076 0.02403846153846154
0 0.7788461538461539 0.23798076923076922 0.013221153846153846 0.019230769230769232
0 0.4519230769230769 0.24639423076923078 0.026442307692307692 0.040865384615384616
1 0.08653846153846154 0.24639423076923078 0.039663461538461536 0.039663461538461536
0 0.7235576923076923 0.2608173076923077 0.019230769230769232 0.026442307692307692
0 0.8028846153846154 0.2608173076923077 0.013221153846153846 0.021634615384615384
0 0.48197115384615385 0.2800480769230769 0.026442307692307692 0.04447115384615385
0 0.8329326923076923 0.28365384615384615 0.014423076923076924 0.021634615384615384
1 0.0625 0.28846153846153844 0.04567307692307692 0.046875
0 0.7860576923076923 0.28966346153846156 0.018028846153846152 0.021634615384615384
0 0.8185096153846154 0.30408653846153844 0.015625 0.026442307692307692
0 0.8665865384615384 0.31490384615384615 0.020432692307692308 0.03245192307692308
0 0.8473557692307693 0.3161057692307692 0.015625 0.02403846153846154
0 0.5072115384615384 0.32572115384615385 0.027644230769230768 0.042067307692307696
1 0.02403846153846154 0.34375 0.04807692307692308 0.0625
0 0.5264423076923077 0.38341346153846156 0.03125 0.056490384615384616
0 0.5492788461538461 0.4567307692307692 0.039663461538461536 0.06971153846153846