0 0.8473557692307693 0.4639423076923077 0.019230769230769232 0.019230769230769232
1 0.6225961538461539 0.47115384615384615 0.025240384615384616 0.028846153846153848
0 0.8894230769230769 0.48197115384615385 0.018028846153846152 0.021634615384615384
1 0.6706730769230769 0.48677884615384615 0.02403846153846154 0.03125
0 0.9387019230769231 0.49759615384615385 0.02283653846153846 0.021634615384615384
1 0.7211538461538461 0.5060096153846154 0.027644230769230768 0.03125
0 0.9759615384615384 0.5168269230769231 0.02283653846153846 0.021634615384615384
1 0.7752403846153846 0.53125 0.02283653846153846 0.030048076923076924
1 0.9002403846153846 0.5901442307692307 0.030048076923076924 0.036057692307692304
1 0.5540865384615384 0.29086538461538464 0.006009615384615385 0.008413461538461538
1 0.5649038461538461 0.2980769230769231 0.007211538461538462 0.006009615384615385
1 0.578125 0.30528846153846156 0.007211538461538462 0.008413461538461538
1 0.5865384615384616 0.3125 0.007211538461538462 0.008413461538461538
1 0.5757211538461539 0.3125 0.008413461538461538 0.009615384615384616
1 0.5649038461538461 0.3137019230769231 0.007211538461538462 0.009615384615384616
1 0.5396634615384616 0.3161057692307692 0.008413461538461538 0.008413461538461538
1 0.5108173076923077 0.31971153846153844 0.009615384615384616 0.009615384615384616
1 0.4795673076923077 0.32211538461538464 0.009615384615384616 0.01201923076923077
1 0.44471153846153844 0.3245192307692308 0.010817307692307692 0.01201923076923077
1 0.42427884615384615 0.328125 0.009615384615384616 0.014423076923076924
1 0.4110576923076923 0.33413461538461536 0.010817307692307692 0.015625
0 0.7295673076923077 0.33653846153846156 0.008413461538461538 0.008413461538461538
1 0.39663461538461536 0.3389423076923077 0.01201923076923077 0.015625
0 0.7391826923076923 0.34375 0.007211538461538462 0.008413461538461538
0 0.7355769230769231 0.3449519230769231 0.008413461538461538 0.010817307692307692
0 0.7139423076923077 0.34615384615384615 0.009615384615384616 0.009615384615384616
1 0.38461538461538464 0.34615384615384615 0.009615384615384616 0.015625
0 0.6634615384615384 0.34615384615384615 0.009615384615384616 0.008413461538461538
0 0.6899038461538461 0.34615384615384615 0.010817307692307692 0.008413461538461538
0 0.7247596153846154 0.34615384615384615 0.009615384615384616 0.009615384615384616
0 0.6370192307692307 0.3473557692307692 0.010817307692307692 0.010817307692307692
0 0.609375 0.35216346153846156 0.01201923076923077 0.01201923076923077
1 0.3762019230769231 0.3545673076923077 0.013221153846153846 0.016826923076923076
0 0.5805288461538461 0.3557692307692308 0.010817307692307692 0.01201923076923077
0 0.5661057692307693 0.3581730769230769 0.010817307692307692 0.01201923076923077
0 0.5564903846153846 0.36538461538461536 0.013221153846153846 0.016826923076923076
1 0.3762019230769231 0.36658653846153844 0.015625 0.018028846153846152
0 0.5697115384615384 0.3762019230769231 0.014423076923076924 0.015625
1 0.38461538461538464 0.3786057692307692 0.016826923076923076 0.018028846153846152
0 0.5997596153846154 0.38461538461538464 0.014423076923076924 0.015625
1 0.4014423076923077 0.3918269230769231 0.016826923076923076 0.021634615384615384
0 0.6262019230769231 0.3918269230769231 0.015625 0.018028846153846152
0 0.6646634615384616 0.4014423076923077 0.015625 0.019230769230769232
1 0.4206730769230769 0.4050480769230769 0.019230769230769232 0.02403846153846154
0 0.6983173076923077 0.40865384615384615 0.018028846153846152 0.016826923076923076
0 0.7319711538461539 0.4182692307692308 0.018028846153846152 0.019230769230769232
1 0.4519230769230769 0.41947115384615385 0.020432692307692308 0.021634615384615384
0 0.7680288461538461 0.43149038461538464 0.018028846153846152 0.019230769230769232
1 0.49038461538461536 0.4338942307692308 0.020432692307692308 0.027644230769230768
0 0.8076923076923077 0.44711538461538464 0.019230769230769232 0.019230769230769232
1 0.5324519230769231 0.4483173076923077 0.019230769230769232 0.025240384615384616
1 0.5757211538461539 0.46033653846153844 0.021634615384615384 0.027644230769230768