0 0.8293269230769231 0.2283653846153846 0.015625 0.036057692307692304
0 0.8016826923076923 0.23798076923076922 0.016826923076923076 0.03125
0 0.7427884615384616 0.2548076923076923 0.020432692307692308 0.03485576923076923
0 0.671875 0.2704326923076923 0.019230769230769232 0.026442307692307692
0 0.5913461538461539 0.296875 0.021634615384615384 0.030048076923076924
0 0.49759615384615385 0.32211538461538464 0.02403846153846154 0.030048076923076924
1 0.9591346153846154 0.34134615384615385 0.026442307692307692 0.040865384615384616
0 0.3954326923076923 0.3557692307692308 0.02283653846153846 0.03125
1 0.8774038461538461 0.38461538461538464 0.038461538461538464 0.04807692307692308
0 0.27884615384615385 0.3894230769230769 0.020432692307692308 0.03485576923076923
1 0.7860576923076923 0.42908653846153844 0.03125 0.04326923076923077
0 0.109375 0.43509615384615385 0.027644230769230768 0.036057692307692304
1 0.6694711538461539 0.48197115384615385 0.04447115384615385 0.057692307692307696
1 0.5252403846153846 0.5432692307692307 0.040865384615384616 0.054086538461538464
1 0.3425480769230769 0.625 0.04326923076923077 0.06610576923076923
1 0.08052884615384616 0.7211538461538461 0.052884615384615384 0.06850961538461539