1 0.6826923076923077 0.1814903846153846 0.01201923076923077 0.021634615384615384
1 0.7007211538461539 0.18269230769230768 0.01201923076923077 0.018028846153846152
1 0.7379807692307693 0.18509615384615385 0.01201923076923077 0.018028846153846152
1 0.7788461538461539 0.18990384615384615 0.010817307692307692 0.015625
1 0.8257211538461539 0.19951923076923078 0.014423076923076924 0.019230769230769232
1 0.8774038461538461 0.20793269230769232 0.015625 0.021634615384615384
0 0.5444711538461539 0.20793269230769232 0.01201923076923077 0.015625
0 0.5877403846153846 0.21153846153846154 0.01201923076923077 0.014423076923076924
1 0.90625 0.2127403846153846 0.015625 0.02283653846153846
0 0.6334134615384616 0.21514423076923078 0.01201923076923077 0.016826923076923076
1 0.9362980769230769 0.21514423076923078 0.018028846153846152 0.026442307692307692
0 0.6586538461538461 0.22115384615384615 0.015625 0.018028846153846152
1 0.9615384615384616 0.22355769230769232 0.016826923076923076 0.021634615384615384
0 0.6826923076923077 0.2247596153846154 0.015625 0.020432692307692308
1 0.9795673076923077 0.22956730769230768 0.016826923076923076 0.02403846153846154
0 0.7067307692307693 0.23076923076923078 0.018028846153846152 0.019230769230769232
0 0.7307692307692307 0.23557692307692307 0.016826923076923076 0.018028846153846152
0 0.7463942307692307 0.2403846153846154 0.016826923076923076 0.018028846153846152
0 0.7379807692307693 0.2536057692307692 0.014423076923076924 0.019230769230769232
0 0.7199519230769231 0.2608173076923077 0.018028846153846152 0.020432692307692308
0 0.6935096153846154 0.27163461538461536 0.021634615384615384 0.02283653846153846
1 0.9891826923076923 0.27884615384615385 0.016826923076923076 0.028846153846153848
0 0.6370192307692307 0.2920673076923077 0.019230769230769232 0.026442307692307692
1 0.9483173076923077 0.30288461538461536 0.02283653846153846 0.039663461538461536
0 0.5697115384615384 0.3125 0.020432692307692308 0.027644230769230768
1 0.9014423076923077 0.33052884615384615 0.026442307692307692 0.037259615384615384
0 0.49399038461538464 0.33774038461538464 0.02403846153846154 0.03485576923076923
1 0.8401442307692307 0.36177884615384615 0.027644230769230768 0.038461538461538464
0 0.39903846153846156 0.3737980769230769 0.020432692307692308 0.03485576923076923
1 0.7620192307692307 0.4098557692307692 0.03125 0.04447115384615385
0 0.296875 0.4098557692307692 0.025240384615384616 0.037259615384615384
1 0.6790865384615384 0.4567307692307692 0.03245192307692308 0.046875
0 0.16706730769230768 0.45913461538461536 0.027644230769230768 0.03245192307692308
1 0.5685096153846154 0.5204326923076923 0.036057692307692304 0.052884615384615384
1 0.4254807692307692 0.5961538461538461 0.040865384615384616 0.054086538461538464
1 0.234375 0.703125 0.04927884615384615 0.06490384615384616