1 0.8641826923076923 0.2403846153846154 0.016826923076923076 0.026442307692307692
1 0.8257211538461539 0.2692307692307692 0.028846153846153848 0.030048076923076924
0 0.46634615384615385 0.296875 0.020432692307692308 0.025240384615384616
1 0.7776442307692307 0.29927884615384615 0.02403846153846154 0.030048076923076924
0 0.38461538461538464 0.3317307692307692 0.027644230769230768 0.03485576923076923
1 0.7199519230769231 0.3389423076923077 0.025240384615384616 0.030048076923076924
0 0.28365384615384615 0.36899038461538464 0.027644230769230768 0.038461538461538464
1 0.6478365384615384 0.38341346153846156 0.038461538461538464 0.04567307692307692
0 0.171875 0.4170673076923077 0.030048076923076924 0.038461538461538464
1 0.5612980769230769 0.44350961538461536 0.038461538461538464 0.054086538461538464
0 0.03125 0.47115384615384615 0.03245192307692308 0.03485576923076923
1 0.45072115384615385 0.5132211538461539 0.039663461538461536 0.054086538461538464
1 0.2980769230769231 0.6009615384615384 0.039663461538461536 0.0733173076923077
1 0.07451923076923077 0.7439903846153846 0.056490384615384616 0.078125