1 0.7139423076923077 0.22956730769230768 0.021634615384615384 0.03485576923076923
0 0.453125 0.24639423076923078 0.01201923076923077 0.020432692307692308
1 0.6814903846153846 0.25721153846153844 0.021634615384615384 0.038461538461538464
0 0.39783653846153844 0.27884615384615385 0.01201923076923077 0.026442307692307692
1 0.6370192307692307 0.28846153846153844 0.020432692307692308 0.030048076923076924
0 0.32572115384615385 0.30408653846153844 0.019230769230769232 0.030048076923076924
1 0.5841346153846154 0.3329326923076923 0.019230769230769232 0.036057692307692304
0 0.2403846153846154 0.34375 0.025240384615384616 0.038461538461538464
1 0.5096153846153846 0.3858173076923077 0.02403846153846154 0.05048076923076923
0 0.12620192307692307 0.39663461538461536 0.028846153846153848 0.04326923076923077
1 0.4254807692307692 0.44591346153846156 0.03125 0.05048076923076923
1 0.3076923076923077 0.5300480769230769 0.039663461538461536 0.057692307692307696
1 0.13701923076923078 0.6490384615384616 0.051682692307692304 0.07451923076923077