1 0.5757211538461539 0.24639423076923078 0.021634615384615384 0.036057692307692304
1 0.5420673076923077 0.2824519230769231 0.025240384615384616 0.03485576923076923
0 0.3641826923076923 0.28365384615384615 0.019230769230769232 0.036057692307692304
0 0.34134615384615385 0.2956730769230769 0.019230769230769232 0.021634615384615384
0 0.3125 0.31850961538461536 0.021634615384615384 0.026442307692307692
1 0.4963942307692308 0.3245192307692308 0.027644230769230768 0.038461538461538464
0 0.25 0.35336538461538464 0.02403846153846154 0.021634615384615384
1 0.4387019230769231 0.3798076923076923 0.030048076923076924 0.04326923076923077
0 0.16706730769230768 0.4026442307692308 0.02403846153846154 0.036057692307692304
1 0.3629807692307692 0.4519230769230769 0.030048076923076924 0.04326923076923077
0 0.0625 0.4735576923076923 0.027644230769230768 0.038461538461538464
1 0.2608173076923077 0.5492788461538461 0.03365384615384615 0.04807692307692308
1 0.109375 0.6911057692307693 0.04807692307692308 0.0733173076923077