0 0.6802884615384616 0.2920673076923077 0.016826923076923076 0.02403846153846154
0 0.6947115384615384 0.3016826923076923 0.018028846153846152 0.025240384615384616
0 0.6778846153846154 0.3161057692307692 0.018028846153846152 0.025240384615384616
0 0.609375 0.3329326923076923 0.020432692307692308 0.028846153846153848
1 0.9735576923076923 0.35336538461538464 0.027644230769230768 0.039663461538461536
0 0.5276442307692307 0.35697115384615385 0.027644230769230768 0.03485576923076923
1 0.9555288461538461 0.375 0.02403846153846154 0.038461538461538464
0 0.4326923076923077 0.37740384615384615 0.025240384615384616 0.03485576923076923
1 0.8846153846153846 0.4014423076923077 0.03245192307692308 0.04807692307692308
0 0.31971153846153844 0.4050480769230769 0.027644230769230768 0.040865384615384616
1 0.8016826923076923 0.4387019230769231 0.03365384615384615 0.04447115384615385
0 0.17908653846153846 0.43990384615384615 0.030048076923076924 0.04567307692307692
0 0.027644230769230768 0.48197115384615385 0.03245192307692308 0.04807692307692308
1 0.6959134615384616 0.4879807692307692 0.038461538461538464 0.046875
1 0.5649038461538461 0.5420673076923077 0.036057692307692304 0.05048076923076923
1 0.4098557692307692 0.6189903846153846 0.04567307692307692 0.06490384615384616
1 0.19591346153846154 0.7115384615384616 0.05048076923076923 0.08052884615384616