0 0.5120192307692307 0.23798076923076922 0.021634615384615384 0.036057692307692304
0 0.4795673076923077 0.25240384615384615 0.02403846153846154 0.040865384615384616
0 0.4375 0.2704326923076923 0.021634615384615384 0.04567307692307692
0 0.3858173076923077 0.28365384615384615 0.02403846153846154 0.04567307692307692
1 0.8112980769230769 0.3016826923076923 0.03125 0.04807692307692308
0 0.2644230769230769 0.30649038461538464 0.027644230769230768 0.036057692307692304
1 0.7836538461538461 0.33052884615384615 0.026442307692307692 0.04567307692307692
0 0.12379807692307693 0.3389423076923077 0.03365384615384615 0.052884615384615384
1 0.7475961538461539 0.3545673076923077 0.03125 0.04807692307692308
1 0.6358173076923077 0.4026442307692308 0.03485576923076923 0.052884615384615384
1 0.4963942307692308 0.4579326923076923 0.040865384615384616 0.05889423076923077
1 0.31490384615384615 0.53125 0.04326923076923077 0.07091346153846154
1 0.07932692307692307 0.6346153846153846 0.056490384615384616 0.09375