1 0.44711538461538464 0.36658653846153844 0.015625 0.026442307692307692
1 0.4723557692307692 0.38341346153846156 0.018028846153846152 0.036057692307692304
1 0.4987980769230769 0.4026442307692308 0.021634615384615384 0.036057692307692304
0 0.20673076923076922 0.4230769230769231 0.015625 0.021634615384615384
1 0.5288461538461539 0.42427884615384615 0.018028846153846152 0.03485576923076923
1 0.5516826923076923 0.4362980769230769 0.020432692307692308 0.030048076923076924
1 0.5685096153846154 0.4495192307692308 0.021634615384615384 0.038461538461538464
0 0.23557692307692307 0.45072115384615385 0.015625 0.027644230769230768
0 0.25 0.4639423076923077 0.016826923076923076 0.025240384615384616
1 0.578125 0.4699519230769231 0.02283653846153846 0.03125
1 0.5697115384615384 0.49759615384615385 0.028846153846153848 0.040865384615384616
0 0.25961538461538464 0.49759615384615385 0.027644230769230768 0.038461538461538464
0 0.2439903846153846 0.5180288461538461 0.02283653846153846 0.037259615384615384
1 0.5480769230769231 0.53125 0.028846153846153848 0.05048076923076923
0 0.19591346153846154 0.5456730769230769 0.025240384615384616 0.040865384615384616
1 0.5228365384615384 0.5612980769230769 0.026442307692307692 0.04807692307692308
0 0.12620192307692307 0.578125 0.025240384615384616 0.036057692307692304
0 0.052884615384615384 0.609375 0.03485576923076923 0.052884615384615384
1 0.4723557692307692 0.6105769230769231 0.03365384615384615 0.054086538461538464
1 0.4074519230769231 0.6634615384615384 0.038461538461538464 0.06370192307692307
1 0.21634615384615385 0.7632211538461539 0.04927884615384615 0.06850961538461539