0 0.29447115384615385 0.4963942307692308 0.014423076923076924 0.026442307692307692
0 0.3245192307692308 0.5252403846153846 0.018028846153846152 0.040865384615384616
1 0.5913461538461539 0.5360576923076923 0.019230769230769232 0.04326923076923077
1 0.6105769230769231 0.5564903846153846 0.020432692307692308 0.036057692307692304
1 0.6334134615384616 0.5757211538461539 0.020432692307692308 0.04567307692307692
1 0.6466346153846154 0.5865384615384616 0.02403846153846154 0.040865384615384616
0 0.34375 0.5949519230769231 0.02283653846153846 0.04807692307692308
0 0.3161057692307692 0.6021634615384616 0.021634615384615384 0.04326923076923077
0 0.25841346153846156 0.6117788461538461 0.027644230769230768 0.04807692307692308
0 0.1875 0.625 0.03245192307692308 0.06129807692307692
1 0.6670673076923077 0.6274038461538461 0.03125 0.038461538461538464
0 0.10817307692307693 0.6334134615384616 0.03365384615384615 0.05889423076923077
1 0.6466346153846154 0.6538461538461539 0.026442307692307692 0.04567307692307692
1 0.6117788461538461 0.671875 0.037259615384615384 0.051682692307692304
1 0.5673076923076923 0.6983173076923077 0.04326923076923077 0.06370192307692307
1 0.48677884615384615 0.7259615384615384 0.037259615384615384 0.06370192307692307
1 0.3942307692307692 0.7608173076923077 0.040865384615384616 0.06370192307692307
1 0.15144230769230768 0.8149038461538461 0.055288461538461536 0.08413461538461539