0 0.38221153846153844 0.38461538461538464 0.014423076923076924 0.030048076923076924
1 0.671875 0.4098557692307692 0.02283653846153846 0.040865384615384616
1 0.6959134615384616 0.42908653846153844 0.02403846153846154 0.04807692307692308
1 0.7091346153846154 0.4411057692307692 0.03125 0.040865384615384616
0 0.39783653846153844 0.44350961538461536 0.025240384615384616 0.036057692307692304
0 0.37259615384615385 0.45913461538461536 0.025240384615384616 0.03485576923076923
1 0.7283653846153846 0.4735576923076923 0.03485576923076923 0.04807692307692308
0 0.3173076923076923 0.4735576923076923 0.027644230769230768 0.040865384615384616
0 0.24879807692307693 0.4879807692307692 0.03125 0.04567307692307692
1 0.7067307692307693 0.4963942307692308 0.028846153846153848 0.057692307692307696
0 0.17548076923076922 0.49759615384615385 0.030048076923076924 0.040865384615384616
1 0.6658653846153846 0.5180288461538461 0.037259615384615384 0.054086538461538464
0 0.018028846153846152 0.5228365384615384 0.036057692307692304 0.055288461538461536
1 0.6141826923076923 0.5384615384615384 0.03365384615384615 0.05048076923076923
1 0.5348557692307693 0.5721153846153846 0.03365384615384615 0.0625
1 0.44591346153846156 0.609375 0.040865384615384616 0.06610576923076923
1 0.2091346153846154 0.6538461538461539 0.051682692307692304 0.0733173076923077