0 0.40024038461538464 0.33052884615384615 0.027644230769230768 0.04567307692307692
1 0.7283653846153846 0.34375 0.03125 0.057692307692307696
0 0.38100961538461536 0.3473557692307692 0.028846153846153848 0.04326923076923077
1 0.7067307692307693 0.36899038461538464 0.03485576923076923 0.06610576923076923
0 0.3245192307692308 0.3713942307692308 0.027644230769230768 0.04807692307692308
0 0.25240384615384615 0.3858173076923077 0.03125 0.05048076923076923
1 0.6634615384615384 0.3942307692307692 0.03485576923076923 0.06610576923076923
0 0.18389423076923078 0.4014423076923077 0.03125 0.05048076923076923
1 0.6141826923076923 0.4375 0.039663461538461536 0.06610576923076923
0 0.03125 0.4387019230769231 0.03485576923076923 0.05048076923076923
1 0.5348557692307693 0.4807692307692308 0.03485576923076923 0.06850961538461539
1 0.44591346153846156 0.5216346153846154 0.04567307692307692 0.07572115384615384
1 0.22115384615384615 0.5973557692307693 0.04567307692307692 0.0829326923076923