0 0.4098557692307692 0.26802884615384615 0.026442307692307692 0.026442307692307692
1 0.7175480769230769 0.27403846153846156 0.036057692307692304 0.038461538461538464
0 0.38221153846153844 0.28125 0.027644230769230768 0.04326923076923077
0 0.31971153846153844 0.2980769230769231 0.03365384615384615 0.04567307692307692
1 0.7367788461538461 0.3004807692307692 0.03125 0.04567307692307692
0 0.2548076923076923 0.3016826923076923 0.03245192307692308 0.04807692307692308
0 0.1814903846153846 0.3076923076923077 0.030048076923076924 0.040865384615384616
0 0.030048076923076924 0.31490384615384615 0.03365384615384615 0.04326923076923077
1 0.7283653846153846 0.3293269230769231 0.038461538461538464 0.052884615384615384
1 0.6923076923076923 0.35096153846153844 0.03485576923076923 0.0625
1 0.6430288461538461 0.3798076923076923 0.037259615384615384 0.052884615384615384
1 0.5901442307692307 0.4014423076923077 0.039663461538461536 0.0625
1 0.49759615384615385 0.43990384615384615 0.03365384615384615 0.0625
1 0.40024038461538464 0.47115384615384615 0.038461538461538464 0.05889423076923077
1 0.16947115384615385 0.5 0.046875 0.08052884615384616