0 0.4362980769230769 0.3016826923076923 0.020432692307692308 0.04807692307692308
0 0.40625 0.30649038461538464 0.02283653846153846 0.04567307692307692
0 0.3485576923076923 0.3161057692307692 0.02403846153846154 0.03125
0 0.28365384615384615 0.3245192307692308 0.02403846153846154 0.03485576923076923
0 0.2127403846153846 0.33052884615384615 0.02403846153846154 0.036057692307692304
0 0.07211538461538461 0.3389423076923077 0.03125 0.04807692307692308
1 0.7475961538461539 0.3485576923076923 0.026442307692307692 0.040865384615384616
1 0.7091346153846154 0.3713942307692308 0.040865384615384616 0.057692307692307696
1 0.6538461538461539 0.40384615384615385 0.037259615384615384 0.06370192307692307
1 0.59375 0.41947115384615385 0.038461538461538464 0.07091346153846154
1 0.4951923076923077 0.4567307692307692 0.04567307692307692 0.07572115384615384
1 0.39302884615384615 0.47596153846153844 0.04326923076923077 0.078125
1 0.1658653846153846 0.5036057692307693 0.052884615384615384 0.08653846153846154