1 0.8233173076923077 0.24158653846153846 0.009615384615384616 0.009615384615384616
1 0.8004807692307693 0.24278846153846154 0.007211538461538462 0.007211538461538462
1 0.7776442307692307 0.2439903846153846 0.009615384615384616 0.010817307692307692
1 0.8461538461538461 0.2439903846153846 0.008413461538461538 0.009615384615384616
0 0.5769230769230769 0.24519230769230768 0.006009615384615385 0.007211538461538462
0 0.5673076923076923 0.24639423076923078 0.007211538461538462 0.009615384615384616
1 0.8713942307692307 0.24639423076923078 0.008413461538461538 0.009615384615384616
1 0.8882211538461539 0.24759615384615385 0.009615384615384616 0.014423076923076924
1 0.9086538461538461 0.24759615384615385 0.009615384615384616 0.015625
0 0.5865384615384616 0.24759615384615385 0.006009615384615385 0.007211538461538462
0 0.5973557692307693 0.24879807692307693 0.007211538461538462 0.009615384615384616
0 0.6646634615384616 0.25 0.006009615384615385 0.007211538461538462
0 0.6875 0.25 0.008413461538461538 0.010817307692307692
0 0.7151442307692307 0.25 0.010817307692307692 0.01201923076923077
0 0.6105769230769231 0.2512019230769231 0.007211538461538462 0.009615384615384616
0 0.6262019230769231 0.25240384615384615 0.008413461538461538 0.010817307692307692
0 0.6442307692307693 0.25240384615384615 0.007211538461538462 0.009615384615384616
0 0.765625 0.25600961538461536 0.01201923076923077 0.014423076923076924
0 0.734375 0.25600961538461536 0.01201923076923077 0.018028846153846152
0 0.7536057692307693 0.25841346153846156 0.010817307692307692 0.010817307692307692
0 0.6887019230769231 0.265625 0.010817307692307692 0.009615384615384616
1 0.9026442307692307 0.2668269230769231 0.01201923076923077 0.013221153846153846
0 0.6418269230769231 0.26802884615384615 0.010817307692307692 0.010817307692307692
1 0.8569711538461539 0.2692307692307692 0.010817307692307692 0.018028846153846152
0 0.53125 0.2764423076923077 0.010817307692307692 0.016826923076923076
0 0.5877403846153846 0.2764423076923077 0.01201923076923077 0.015625
1 0.7560096153846154 0.2764423076923077 0.013221153846153846 0.015625
1 0.8076923076923077 0.2764423076923077 0.013221153846153846 0.019230769230769232
0 0.47475961538461536 0.2776442307692308 0.01201923076923077 0.014423076923076924
0 0.44591346153846156 0.27884615384615385 0.009615384615384616 0.014423076923076924
0 0.41466346153846156 0.2800480769230769 0.010817307692307692 0.014423076923076924
1 0.6995192307692307 0.2824519230769231 0.015625 0.016826923076923076
0 0.38822115384615385 0.2824519230769231 0.013221153846153846 0.016826923076923076
1 0.6694711538461539 0.28725961538461536 0.013221153846153846 0.020432692307692308
0 0.375 0.28846153846153844 0.014423076923076924 0.021634615384615384
1 0.6430288461538461 0.29086538461538464 0.01201923076923077 0.018028846153846152
1 0.6274038461538461 0.2932692307692308 0.013221153846153846 0.019230769230769232
1 0.6322115384615384 0.3004807692307692 0.014423076923076924 0.018028846153846152
0 0.38100961538461536 0.30288461538461536 0.013221153846153846 0.019230769230769232
1 0.6394230769230769 0.31009615384615385 0.013221153846153846 0.019230769230769232
0 0.390625 0.3125 0.016826923076923076 0.020432692307692308
1 0.6514423076923077 0.3245192307692308 0.019230769230769232 0.02403846153846154
0 0.39663461538461536 0.328125 0.018028846153846152 0.02283653846153846
1 0.6610576923076923 0.3425480769230769 0.02283653846153846 0.027644230769230768
0 0.390625 0.3449519230769231 0.019230769230769232 0.021634615384615384
0 0.3798076923076923 0.3545673076923077 0.019230769230769232 0.020432692307692308
1 0.6670673076923077 0.36177884615384615 0.02283653846153846 0.030048076923076924
0 0.3629807692307692 0.36658653846153844 0.021634615384615384 0.027644230769230768
1 0.6742788461538461 0.37259615384615385 0.02403846153846154 0.028846153846153848
0 0.3329326923076923 0.37259615384615385 0.02403846153846154 0.02403846153846154
0 0.27283653846153844 0.38461538461538464 0.025240384615384616 0.030048076923076924
0 0.20072115384615385 0.390625 0.028846153846153848 0.03245192307692308
1 0.6814903846153846 0.3918269230769231 0.027644230769230768 0.03365384615384615
0 0.12740384615384615 0.39783653846153844 0.03365384615384615 0.038461538461538464
1 0.6694711538461539 0.4074519230769231 0.03125 0.036057692307692304
1 0.6286057692307693 0.43149038461538464 0.03365384615384615 0.05048076923076923
1 0.5745192307692307 0.44711538461538464 0.03245192307692308 0.052884615384615384
1 0.5132211538461539 0.4675480769230769 0.036057692307692304 0.054086538461538464
1 0.4110576923076923 0.49038461538461536 0.04326923076923077 0.06129807692307692
1 0.3016826923076923 0.515625 0.05048076923076923 0.06370192307692307
1 0.054086538461538464 0.5408653846153846 0.054086538461538464 0.07451923076923077