0 0.171875 0.34375 0.021634615384615384 0.036057692307692304
0 0.15264423076923078 0.35336538461538464 0.027644230769230768 0.030048076923076924
1 0.43509615384615385 0.3762019230769231 0.02283653846153846 0.04567307692307692
0 0.1310096153846154 0.3786057692307692 0.027644230769230768 0.03485576923076923
0 0.1045673076923077 0.3918269230769231 0.02403846153846154 0.030048076923076924
0 0.057692307692307696 0.4206730769230769 0.027644230769230768 0.04567307692307692
1 0.4110576923076923 0.4411057692307692 0.02283653846153846 0.04807692307692308
1 0.4014423076923077 0.4675480769230769 0.030048076923076924 0.052884615384615384
1 0.36538461538461536 0.5036057692307693 0.030048076923076924 0.06370192307692307
1 0.30528846153846156 0.5384615384615384 0.038461538461538464 0.054086538461538464
1 0.22355769230769232 0.5685096153846154 0.038461538461538464 0.06370192307692307
1 0.13581730769230768 0.6021634615384616 0.040865384615384616 0.07091346153846154
1 0.013221153846153846 0.6502403846153846 0.026442307692307692 0.08413461538461539