0 0.38461538461538464 0.3245192307692308 0.01201923076923077 0.025240384615384616
0 0.40625 0.3245192307692308 0.016826923076923076 0.025240384615384616
0 0.4338942307692308 0.3269230769230769 0.01201923076923077 0.019230769230769232
1 0.9230769230769231 0.3269230769230769 0.015625 0.030048076923076924
0 0.46274038461538464 0.328125 0.01201923076923077 0.021634615384615384
1 0.9471153846153846 0.33052884615384615 0.01201923076923077 0.021634615384615384
1 0.9699519230769231 0.3317307692307692 0.015625 0.02403846153846154
0 0.49038461538461536 0.3317307692307692 0.014423076923076924 0.020432692307692308
0 0.359375 0.33413461538461536 0.015625 0.026442307692307692
0 0.6021634615384616 0.3389423076923077 0.015625 0.025240384615384616
0 0.6646634615384616 0.3389423076923077 0.013221153846153846 0.026442307692307692
1 0.9927884615384616 0.34134615384615385 0.009615384615384616 0.038461538461538464
0 0.7259615384615384 0.34134615384615385 0.013221153846153846 0.026442307692307692
0 0.8425480769230769 0.3425480769230769 0.016826923076923076 0.026442307692307692
0 0.7860576923076923 0.3449519230769231 0.014423076923076924 0.021634615384615384
0 0.8173076923076923 0.3449519230769231 0.01201923076923077 0.03125
0 0.3317307692307692 0.3485576923076923 0.019230769230769232 0.021634615384615384
0 0.2980769230769231 0.36177884615384615 0.014423076923076924 0.025240384615384616
1 0.5637019230769231 0.3713942307692308 0.015625 0.03245192307692308
1 0.6021634615384616 0.3713942307692308 0.015625 0.028846153846153848
1 0.5360576923076923 0.375 0.018028846153846152 0.026442307692307692
1 0.6394230769230769 0.375 0.019230769230769232 0.028846153846153848
1 0.7908653846153846 0.3786057692307692 0.015625 0.03125
1 0.7151442307692307 0.3786057692307692 0.016826923076923076 0.03245192307692308
0 0.25961538461538464 0.38100961538461536 0.018028846153846152 0.030048076923076924
1 0.515625 0.38100961538461536 0.01201923076923077 0.026442307692307692
1 0.8701923076923077 0.38221153846153844 0.019230769230769232 0.030048076923076924
1 0.9819711538461539 0.3870192307692308 0.021634615384615384 0.03485576923076923
0 0.23317307692307693 0.38822115384615385 0.016826923076923076 0.03125
1 0.9423076923076923 0.390625 0.015625 0.036057692307692304
0 0.19831730769230768 0.39663461538461536 0.019230769230769232 0.03125
1 0.47836538461538464 0.39903846153846156 0.018028846153846152 0.026442307692307692
0 0.1622596153846154 0.40865384615384615 0.016826923076923076 0.026442307692307692
0 0.11778846153846154 0.41947115384615385 0.025240384615384616 0.038461538461538464
1 0.4266826923076923 0.41947115384615385 0.019230769230769232 0.03485576923076923
0 0.0673076923076923 0.4206730769230769 0.02403846153846154 0.040865384615384616
0 0.01201923076923077 0.4266826923076923 0.02403846153846154 0.040865384615384616
1 0.3605769230769231 0.44591346153846156 0.021634615384615384 0.040865384615384616
1 0.28125 0.4735576923076923 0.02403846153846154 0.038461538461538464
1 0.22956730769230768 0.4855769230769231 0.025240384615384616 0.04567307692307692
1 0.1778846153846154 0.5012019230769231 0.025240384615384616 0.04567307692307692
1 0.109375 0.5180288461538461 0.030048076923076924 0.040865384615384616
1 0.021634615384615384 0.5324519230769231 0.03125 0.052884615384615384