1 0.9891826923076923 0.42908653846153844 0.019230769230769232 0.039663461538461536
0 0.8485576923076923 0.44591346153846156 0.015625 0.03125
0 0.8786057692307693 0.44591346153846156 0.020432692307692308 0.03125
0 0.6935096153846154 0.46153846153846156 0.015625 0.025240384615384616
0 0.7560096153846154 0.46153846153846156 0.015625 0.025240384615384616
0 0.47115384615384615 0.4699519230769231 0.014423076923076924 0.021634615384615384
0 0.44471153846153844 0.47115384615384615 0.019230769230769232 0.021634615384615384
0 0.4206730769230769 0.47596153846153844 0.01201923076923077 0.03485576923076923
1 0.9699519230769231 0.48197115384615385 0.026442307692307692 0.038461538461538464
1 0.8894230769230769 0.4891826923076923 0.018028846153846152 0.03485576923076923
0 0.3942307692307692 0.49038461538461536 0.016826923076923076 0.026442307692307692
1 0.7319711538461539 0.49278846153846156 0.019230769230769232 0.03125
1 0.6598557692307693 0.4963942307692308 0.020432692307692308 0.026442307692307692
1 0.6225961538461539 0.4987980769230769 0.015625 0.025240384615384616
0 0.36538461538461536 0.5048076923076923 0.016826923076923076 0.03485576923076923
1 0.5552884615384616 0.5072115384615384 0.01201923076923077 0.030048076923076924
0 0.33413461538461536 0.5180288461538461 0.016826923076923076 0.026442307692307692
1 0.5336538461538461 0.5216346153846154 0.015625 0.030048076923076924
0 0.2932692307692308 0.5360576923076923 0.018028846153846152 0.025240384615384616
1 0.49278846153846156 0.5396634615384616 0.016826923076923076 0.030048076923076924
0 0.265625 0.546875 0.016826923076923076 0.025240384615384616
1 0.4375 0.5612980769230769 0.021634615384615384 0.038461538461538464
0 0.1971153846153846 0.5745192307692307 0.015625 0.02403846153846154
0 0.15865384615384615 0.5841346153846154 0.019230769230769232 0.030048076923076924
1 0.37259615384615385 0.5925480769230769 0.020432692307692308 0.036057692307692304
0 0.11057692307692307 0.5961538461538461 0.016826923076923076 0.03125
0 0.02403846153846154 0.5997596153846154 0.02283653846153846 0.038461538461538464
0 0.06490384615384616 0.6009615384615384 0.020432692307692308 0.03125
1 0.2920673076923077 0.6225961538461539 0.020432692307692308 0.042067307692307696
1 0.24158653846153846 0.6430288461538461 0.02403846153846154 0.040865384615384616
1 0.19110576923076922 0.6634615384615384 0.02403846153846154 0.036057692307692304
1 0.12740384615384615 0.6850961538461539 0.03245192307692308 0.046875
1 0.04927884615384615 0.6995192307692307 0.028846153846153848 0.051682692307692304