1 0.6778846153846154 0.28846153846153844 0.009615384615384616 0.020432692307692308
1 0.6911057692307693 0.28966346153846156 0.009615384615384616 0.014423076923076924
1 0.7019230769230769 0.29447115384615385 0.008413461538461538 0.015625
1 0.7163461538461539 0.296875 0.010817307692307692 0.02283653846153846
1 0.7331730769230769 0.3004807692307692 0.009615384615384616 0.026442307692307692
1 0.7536057692307693 0.30288461538461536 0.010817307692307692 0.02403846153846154
1 0.7956730769230769 0.30408653846153844 0.013221153846153846 0.021634615384615384
1 0.7752403846153846 0.30649038461538464 0.01201923076923077 0.026442307692307692
1 0.8149038461538461 0.30649038461538464 0.013221153846153846 0.018028846153846152
0 0.6081730769230769 0.3112980769230769 0.010817307692307692 0.02403846153846154
1 0.8365384615384616 0.3137019230769231 0.015625 0.025240384615384616
0 0.6237980769230769 0.3137019230769231 0.01201923076923077 0.018028846153846152
0 0.6454326923076923 0.31490384615384615 0.013221153846153846 0.019230769230769232
0 0.6610576923076923 0.3173076923076923 0.010817307692307692 0.018028846153846152
0 0.6754807692307693 0.3317307692307692 0.01201923076923077 0.02283653846153846
0 0.6225961538461539 0.3329326923076923 0.009615384615384616 0.018028846153846152
0 0.6502403846153846 0.33413461538461536 0.013221153846153846 0.026442307692307692
1 0.8605769230769231 0.33413461538461536 0.019230769230769232 0.030048076923076924
1 0.8497596153846154 0.3425480769230769 0.015625 0.026442307692307692
0 0.5625 0.34375 0.015625 0.026442307692307692
1 0.8341346153846154 0.34375 0.015625 0.026442307692307692
0 0.4495192307692308 0.3449519230769231 0.015625 0.02403846153846154
1 0.8076923076923077 0.3473557692307692 0.013221153846153846 0.026442307692307692
0 0.28365384615384615 0.3485576923076923 0.013221153846153846 0.020432692307692308
0 0.3942307692307692 0.3485576923076923 0.015625 0.021634615384615384
1 0.7824519230769231 0.35096153846153844 0.01201923076923077 0.03125
0 0.25600961538461536 0.35336538461538464 0.009615384615384616 0.030048076923076924
0 0.23197115384615385 0.3581730769230769 0.014423076923076924 0.026442307692307692
1 0.7451923076923077 0.359375 0.019230769230769232 0.030048076923076924
1 0.6802884615384616 0.3641826923076923 0.015625 0.030048076923076924
1 0.6069711538461539 0.3713942307692308 0.015625 0.03485576923076923
1 0.5384615384615384 0.3713942307692308 0.015625 0.030048076923076924
0 0.20072115384615385 0.3713942307692308 0.014423076923076924 0.026442307692307692
1 0.4338942307692308 0.38100961538461536 0.015625 0.030048076923076924
1 0.4675480769230769 0.38100961538461536 0.01201923076923077 0.030048076923076924
0 0.16826923076923078 0.3870192307692308 0.016826923076923076 0.030048076923076924
1 0.39663461538461536 0.38822115384615385 0.015625 0.03125
1 0.36778846153846156 0.39302884615384615 0.019230769230769232 0.026442307692307692
1 0.34615384615384615 0.4014423076923077 0.015625 0.03485576923076923
0 0.125 0.40625 0.015625 0.021634615384615384
0 0.07932692307692307 0.4266826923076923 0.016826923076923076 0.03485576923076923
1 0.2956730769230769 0.4266826923076923 0.018028846153846152 0.038461538461538464
0 0.04807692307692308 0.4375 0.016826923076923076 0.038461538461538464
1 0.23557692307692307 0.4519230769230769 0.020432692307692308 0.038461538461538464
0 0.009615384615384616 0.453125 0.019230769230769232 0.037259615384615384
1 0.15985576923076922 0.47836538461538464 0.025240384615384616 0.036057692307692304
1 0.06490384615384616 0.5144230769230769 0.03245192307692308 0.03485576923076923
1 0.008413461538461538 0.5456730769230769 0.015625 0.054086538461538464