0 0.6310096153846154 0.3557692307692308 0.010817307692307692 0.014423076923076924
0 0.6478365384615384 0.3557692307692308 0.01201923076923077 0.014423076923076924
0 0.3245192307692308 0.35697115384615385 0.013221153846153846 0.014423076923076924
0 0.6105769230769231 0.359375 0.015625 0.018028846153846152
0 0.5889423076923077 0.3629807692307692 0.010817307692307692 0.018028846153846152
0 0.5456730769230769 0.36538461538461536 0.008413461538461538 0.013221153846153846
0 0.5673076923076923 0.36538461538461536 0.010817307692307692 0.014423076923076924
0 0.5276442307692307 0.36778846153846156 0.010817307692307692 0.01201923076923077
0 0.34134615384615385 0.3701923076923077 0.014423076923076924 0.01201923076923077
0 0.5120192307692307 0.37259615384615385 0.010817307692307692 0.014423076923076924
0 0.4987980769230769 0.3786057692307692 0.010817307692307692 0.013221153846153846
0 0.36778846153846156 0.38461538461538464 0.013221153846153846 0.014423076923076924
1 0.7824519230769231 0.3870192307692308 0.015625 0.021634615384615384
0 0.4807692307692308 0.3870192307692308 0.010817307692307692 0.013221153846153846
1 0.7391826923076923 0.3894230769230769 0.016826923076923076 0.020432692307692308
0 0.3858173076923077 0.3894230769230769 0.013221153846153846 0.015625
0 0.4639423076923077 0.3918269230769231 0.013221153846153846 0.014423076923076924
0 0.40865384615384615 0.39663461538461536 0.01201923076923077 0.013221153846153846
1 0.6971153846153846 0.39663461538461536 0.013221153846153846 0.018028846153846152
0 0.44350961538461536 0.39663461538461536 0.01201923076923077 0.013221153846153846
1 0.6742788461538461 0.4026442307692308 0.01201923076923077 0.018028846153846152
1 0.6586538461538461 0.4074519230769231 0.008413461538461538 0.018028846153846152
1 0.6454326923076923 0.41466346153846156 0.009615384615384616 0.015625
1 0.6334134615384616 0.42427884615384615 0.010817307692307692 0.019230769230769232
1 0.6189903846153846 0.43028846153846156 0.016826923076923076 0.018028846153846152
1 0.2127403846153846 0.43509615384615385 0.020432692307692308 0.021634615384615384
1 0.6009615384615384 0.4387019230769231 0.014423076923076924 0.020432692307692308
1 0.23918269230769232 0.4423076923076923 0.019230769230769232 0.020432692307692308
1 0.5745192307692307 0.44711538461538464 0.019230769230769232 0.021634615384615384
1 0.2764423076923077 0.453125 0.020432692307692308 0.02403846153846154
1 0.3161057692307692 0.4579326923076923 0.02283653846153846 0.021634615384615384
1 0.5432692307692307 0.4579326923076923 0.021634615384615384 0.016826923076923076
1 0.5060096153846154 0.45913461538461536 0.020432692307692308 0.019230769230769232
1 0.3629807692307692 0.4651442307692308 0.02403846153846154 0.021634615384615384
1 0.41225961538461536 0.46634615384615385 0.028846153846153848 0.02283653846153846
1 0.46033653846153844 0.46634615384615385 0.020432692307692308 0.021634615384615384