0 0.546875 0.28125 0.015625 0.025240384615384616
0 0.5192307692307693 0.29086538461538464 0.014423076923076924 0.021634615384615384
0 0.49158653846153844 0.29447115384615385 0.01201923076923077 0.030048076923076924
0 0.46274038461538464 0.2956730769230769 0.01201923076923077 0.026442307692307692
0 0.43149038461538464 0.30288461538461536 0.01201923076923077 0.021634615384615384
0 0.23197115384615385 0.30408653846153844 0.013221153846153846 0.03125
0 0.40625 0.30649038461538464 0.014423076923076924 0.026442307692307692
0 0.3786057692307692 0.3137019230769231 0.01201923076923077 0.021634615384615384
1 0.5997596153846154 0.3161057692307692 0.021634615384615384 0.030048076923076924
0 0.35336538461538464 0.3233173076923077 0.015625 0.026442307692307692
1 0.5348557692307693 0.3329326923076923 0.014423076923076924 0.03125
0 0.32091346153846156 0.33413461538461536 0.014423076923076924 0.026442307692307692
1 0.5012019230769231 0.33533653846153844 0.018028846153846152 0.021634615384615384
0 0.29447115384615385 0.3425480769230769 0.014423076923076924 0.026442307692307692
1 0.055288461538461536 0.34375 0.021634615384615384 0.038461538461538464
0 0.21875 0.34615384615384615 0.016826923076923076 0.040865384615384616
1 0.4699519230769231 0.34615384615384615 0.01201923076923077 0.03125
0 0.2620192307692308 0.3485576923076923 0.016826923076923076 0.020432692307692308
0 0.22716346153846154 0.35336538461538464 0.016826923076923076 0.03125
1 0.4411057692307692 0.35697115384615385 0.015625 0.03485576923076923
1 0.03485576923076923 0.3605769230769231 0.014423076923076924 0.03125
1 0.4074519230769231 0.36778846153846156 0.016826923076923076 0.040865384615384616
1 0.013221153846153846 0.3762019230769231 0.016826923076923076 0.030048076923076924
1 0.3762019230769231 0.3786057692307692 0.025240384615384616 0.03125
1 0.33413461538461536 0.39663461538461536 0.016826923076923076 0.038461538461538464
1 0.28966346153846156 0.4014423076923077 0.021634615384615384 0.040865384615384616
1 0.23918269230769232 0.41466346153846156 0.019230769230769232 0.030048076923076924
1 0.19110576923076922 0.42427884615384615 0.021634615384615384 0.03485576923076923
1 0.0889423076923077 0.43149038461538464 0.020432692307692308 0.04326923076923077
1 0.018028846153846152 0.4338942307692308 0.019230769230769232 0.0625
1 0.13701923076923078 0.4338942307692308 0.027644230769230768 0.05048076923076923
1 0.05048076923076923 0.4387019230769231 0.021634615384615384 0.040865384615384616