1 0.24759615384615385 0.265625 0.016826923076923076 0.03125
0 0.6081730769230769 0.2764423076923077 0.01201923076923077 0.021634615384615384
1 0.22596153846153846 0.2776442307692308 0.013221153846153846 0.03485576923076923
0 0.5793269230769231 0.27884615384615385 0.015625 0.020432692307692308
0 0.3713942307692308 0.2800480769230769 0.018028846153846152 0.030048076923076924
0 0.5492788461538461 0.2848557692307692 0.015625 0.03125
0 0.5216346153846154 0.28846153846153844 0.015625 0.026442307692307692
0 0.49399038461538464 0.29086538461538464 0.02283653846153846 0.036057692307692304
1 0.20432692307692307 0.2920673076923077 0.015625 0.038461538461538464
0 0.4326923076923077 0.30288461538461536 0.019230769230769232 0.026442307692307692
0 0.46033653846153844 0.30288461538461536 0.01201923076923077 0.026442307692307692
0 0.37259615384615385 0.31009615384615385 0.020432692307692308 0.026442307692307692
1 0.1814903846153846 0.3112980769230769 0.015625 0.030048076923076924
0 0.4026442307692308 0.3112980769230769 0.018028846153846152 0.030048076923076924
1 0.6358173076923077 0.328125 0.015625 0.03125
1 0.6009615384615384 0.33413461538461536 0.019230769230769232 0.038461538461538464
1 0.15144230769230768 0.33653846153846156 0.018028846153846152 0.05048076923076923
1 0.5685096153846154 0.34134615384615385 0.015625 0.03485576923076923
1 0.5348557692307693 0.3449519230769231 0.013221153846153846 0.030048076923076924
1 0.5036057692307693 0.35697115384615385 0.016826923076923076 0.030048076923076924
1 0.46153846153846156 0.3629807692307692 0.027644230769230768 0.040865384615384616
1 0.17548076923076922 0.36538461538461536 0.02403846153846154 0.04567307692307692
1 0.15865384615384615 0.36658653846153844 0.018028846153846152 0.052884615384615384
1 0.1971153846153846 0.37259615384615385 0.02283653846153846 0.04807692307692308
1 0.41225961538461536 0.375 0.020432692307692308 0.036057692307692304
1 0.36538461538461536 0.375 0.020432692307692308 0.04326923076923077
1 0.23076923076923078 0.3786057692307692 0.02283653846153846 0.040865384615384616
1 0.31971153846153844 0.3786057692307692 0.027644230769230768 0.040865384615384616
1 0.27163461538461536 0.38461538461538464 0.025240384615384616 0.038461538461538464