0 0.8413461538461539 0.31850961538461536 0.015625 0.04326923076923077
0 0.8701923076923077 0.31850961538461536 0.016826923076923076 0.040865384615384616
0 0.8004807692307693 0.32091346153846156 0.015625 0.030048076923076924
0 0.7644230769230769 0.32211538461538464 0.015625 0.03485576923076923
0 0.6935096153846154 0.3269230769230769 0.015625 0.030048076923076924
0 0.7271634615384616 0.3269230769230769 0.013221153846153846 0.030048076923076924
1 0.33413461538461536 0.3269230769230769 0.019230769230769232 0.026442307692307692
0 0.6574519230769231 0.33533653846153844 0.015625 0.03125
0 0.6262019230769231 0.3389423076923077 0.015625 0.038461538461538464
0 0.5913461538461539 0.3449519230769231 0.01201923076923077 0.03125
1 0.3125 0.3449519230769231 0.014423076923076924 0.021634615384615384
0 0.45552884615384615 0.35336538461538464 0.014423076923076924 0.030048076923076924
0 0.5528846153846154 0.3557692307692308 0.019230769230769232 0.026442307692307692
0 0.5252403846153846 0.3605769230769231 0.01201923076923077 0.03125
1 0.28365384615384615 0.3605769230769231 0.015625 0.03125
0 0.49038461538461536 0.36538461538461536 0.015625 0.03125
1 0.9855769230769231 0.3713942307692308 0.021634615384615384 0.04326923076923077
0 0.46153846153846156 0.3713942307692308 0.016826923076923076 0.04326923076923077
1 0.8846153846153846 0.3762019230769231 0.019230769230769232 0.04567307692307692
1 0.7884615384615384 0.38341346153846156 0.02403846153846154 0.040865384615384616
1 0.2548076923076923 0.38341346153846156 0.021634615384615384 0.03125
1 0.7427884615384616 0.390625 0.021634615384615384 0.040865384615384616
1 0.6971153846153846 0.3954326923076923 0.020432692307692308 0.04567307692307692
1 0.6526442307692307 0.40625 0.02283653846153846 0.040865384615384616
1 0.6117788461538461 0.41466346153846156 0.026442307692307692 0.038461538461538464
1 0.23557692307692307 0.41586538461538464 0.020432692307692308 0.03125
1 0.5697115384615384 0.4230769230769231 0.021634615384615384 0.036057692307692304
1 0.24519230769230768 0.42908653846153844 0.019230769230769232 0.04326923076923077
1 0.5192307692307693 0.43509615384615385 0.020432692307692308 0.04567307692307692
1 0.25841346153846156 0.4411057692307692 0.015625 0.04807692307692308
1 0.4723557692307692 0.4411057692307692 0.025240384615384616 0.06850961538461539
1 0.28725961538461536 0.44350961538461536 0.025240384615384616 0.04326923076923077
1 0.3269230769230769 0.44591346153846156 0.02283653846153846 0.038461538461538464
1 0.3713942307692308 0.4483173076923077 0.025240384615384616 0.04567307692307692
1 0.41947115384615385 0.4483173076923077 0.02403846153846154 0.04567307692307692