0 0.7295673076923077 0.4387019230769231 0.019230769230769232 0.040865384615384616
0 0.7692307692307693 0.4387019230769231 0.019230769230769232 0.040865384615384616
0 0.6959134615384616 0.44350961538461536 0.02403846153846154 0.052884615384615384
0 0.6598557692307693 0.44711538461538464 0.020432692307692308 0.03485576923076923
0 0.5228365384615384 0.4519230769230769 0.02403846153846154 0.04807692307692308
0 0.5877403846153846 0.45552884615384615 0.019230769230769232 0.040865384615384616
0 0.6189903846153846 0.45913461538461536 0.02283653846153846 0.04567307692307692
0 0.5540865384615384 0.4651442307692308 0.02283653846153846 0.038461538461538464
1 0.3016826923076923 0.4879807692307692 0.02283653846153846 0.036057692307692304
1 0.3161057692307692 0.5 0.02403846153846154 0.04567307692307692
1 0.33653846153846156 0.5096153846153846 0.030048076923076924 0.052884615384615384
1 0.3737980769230769 0.5132211538461539 0.027644230769230768 0.040865384615384616
1 0.7079326923076923 0.5144230769230769 0.02283653846153846 0.038461538461538464
1 0.6610576923076923 0.5204326923076923 0.021634615384615384 0.040865384615384616
1 0.41346153846153844 0.5204326923076923 0.02403846153846154 0.040865384615384616
1 0.5649038461538461 0.5216346153846154 0.025240384615384616 0.038461538461538464
1 0.6129807692307693 0.5216346153846154 0.028846153846153848 0.05048076923076923
1 0.45913461538461536 0.5264423076923077 0.020432692307692308 0.040865384615384616
1 0.5096153846153846 0.5288461538461539 0.03485576923076923 0.04807692307692308