1 0.4699519230769231 0.35096153846153844 0.009615384615384616 0.03125
1 0.44471153846153844 0.35697115384615385 0.01201923076923077 0.030048076923076924
0 0.6189903846153846 0.36177884615384615 0.018028846153846152 0.030048076923076924
0 0.5961538461538461 0.37259615384615385 0.019230769230769232 0.03125
1 0.41586538461538464 0.37259615384615385 0.016826923076923076 0.038461538461538464
0 0.5745192307692307 0.3786057692307692 0.015625 0.025240384615384616
1 0.38221153846153844 0.38221153846153844 0.02283653846153846 0.038461538461538464
1 0.3473557692307692 0.390625 0.016826923076923076 0.03125
0 0.5504807692307693 0.39663461538461536 0.019230769230769232 0.040865384615384616
1 0.32572115384615385 0.40384615384615385 0.02283653846153846 0.04567307692307692
0 0.6862980769230769 0.4110576923076923 0.015625 0.036057692307692304
0 0.7211538461538461 0.4110576923076923 0.020432692307692308 0.04567307692307692
0 0.7608173076923077 0.4110576923076923 0.019230769230769232 0.04567307692307692
0 0.8052884615384616 0.41346153846153844 0.020432692307692308 0.05048076923076923
0 0.84375 0.41466346153846156 0.019230769230769232 0.038461538461538464
0 0.5673076923076923 0.41586538461538464 0.02403846153846154 0.052884615384615384
0 0.5420673076923077 0.4170673076923077 0.019230769230769232 0.038461538461538464
0 0.8882211538461539 0.4170673076923077 0.021634615384615384 0.038461538461538464
0 0.6081730769230769 0.4182692307692308 0.02283653846153846 0.040865384615384616
0 0.6430288461538461 0.41947115384615385 0.019230769230769232 0.04326923076923077
1 0.3137019230769231 0.4266826923076923 0.019230769230769232 0.030048076923076924
0 0.9362980769230769 0.42788461538461536 0.021634615384615384 0.04567307692307692
0 0.9831730769230769 0.43149038461538464 0.020432692307692308 0.04807692307692308
1 0.32091346153846156 0.44591346153846156 0.016826923076923076 0.040865384615384616
1 0.3425480769230769 0.45072115384615385 0.020432692307692308 0.040865384615384616
1 0.3737980769230769 0.4699519230769231 0.020432692307692308 0.05048076923076923
1 0.4170673076923077 0.4795673076923077 0.02283653846153846 0.052884615384615384
1 0.6730769230769231 0.48677884615384615 0.02283653846153846 0.038461538461538464
1 0.4579326923076923 0.48677884615384615 0.02283653846153846 0.057692307692307696
1 0.7704326923076923 0.49038461538461536 0.019230769230769232 0.036057692307692304
1 0.6225961538461539 0.49158653846153844 0.02283653846153846 0.052884615384615384
1 0.7211538461538461 0.49158653846153844 0.028846153846153848 0.04807692307692308
1 0.8257211538461539 0.49399038461538464 0.03365384615384615 0.04807692307692308
1 0.5661057692307693 0.4963942307692308 0.026442307692307692 0.052884615384615384
1 0.8846153846153846 0.4963942307692308 0.028846153846153848 0.052884615384615384
1 0.5132211538461539 0.4963942307692308 0.030048076923076924 0.06610576923076923