0 0.5408653846153846 0.3858173076923077 0.014423076923076924 0.03125
1 0.38221153846153844 0.3894230769230769 0.016826923076923076 0.025240384615384616
1 0.3401442307692308 0.40024038461538464 0.019230769230769232 0.03125
0 0.5192307692307693 0.4014423076923077 0.015625 0.030048076923076924
0 0.7331730769230769 0.4050480769230769 0.025240384615384616 0.040865384615384616
0 0.7740384615384616 0.40625 0.015625 0.03485576923076923
0 0.8173076923076923 0.4074519230769231 0.015625 0.036057692307692304
0 0.9615384615384616 0.4098557692307692 0.021634615384615384 0.03125
0 0.6887019230769231 0.4110576923076923 0.020432692307692308 0.04326923076923077
0 0.8677884615384616 0.4110576923076923 0.020432692307692308 0.03485576923076923
0 0.65625 0.41225961538461536 0.019230769230769232 0.03485576923076923
0 0.9134615384615384 0.41346153846153844 0.018028846153846152 0.036057692307692304
1 0.29927884615384615 0.41346153846153844 0.015625 0.036057692307692304
1 0.27884615384615385 0.4206730769230769 0.016826923076923076 0.03125
0 0.5060096153846154 0.4206730769230769 0.020432692307692308 0.04567307692307692
0 0.6057692307692307 0.421875 0.021634615384615384 0.038461538461538464
0 0.5745192307692307 0.42427884615384615 0.025240384615384616 0.03485576923076923
0 0.5324519230769231 0.4266826923076923 0.019230769230769232 0.03485576923076923
1 0.25841346153846156 0.44591346153846156 0.019230769230769232 0.030048076923076924
1 0.2692307692307692 0.4735576923076923 0.021634615384615384 0.040865384615384616
1 0.2860576923076923 0.4795673076923077 0.027644230769230768 0.038461538461538464
1 0.8569711538461539 0.4831730769230769 0.026442307692307692 0.05048076923076923
1 0.7427884615384616 0.4879807692307692 0.025240384615384616 0.04567307692307692
1 0.7980769230769231 0.4891826923076923 0.026442307692307692 0.04326923076923077
1 0.6850961538461539 0.49399038461538464 0.02283653846153846 0.04807692307692308
1 0.31971153846153844 0.49399038461538464 0.02283653846153846 0.04807692307692308
1 0.36177884615384615 0.49399038461538464 0.019230769230769232 0.05889423076923077
1 0.9855769230769231 0.49759615384615385 0.02403846153846154 0.0625
1 0.5745192307692307 0.5012019230769231 0.025240384615384616 0.057692307692307696
1 0.6310096153846154 0.5012019230769231 0.021634615384615384 0.057692307692307696
1 0.40625 0.5036057692307693 0.02403846153846154 0.052884615384615384
1 0.46153846153846156 0.5036057692307693 0.03485576923076923 0.05048076923076923
1 0.5216346153846154 0.5048076923076923 0.03125 0.052884615384615384