0 0.8221153846153846 0.3713942307692308 0.020432692307692308 0.036057692307692304
0 0.7800480769230769 0.3737980769230769 0.018028846153846152 0.039663461538461536
0 0.6875 0.38100961538461536 0.015625 0.037259615384615384
0 0.7319711538461539 0.38341346153846156 0.021634615384615384 0.03485576923076923
0 0.6382211538461539 0.38461538461538464 0.019230769230769232 0.036057692307692304
0 0.5492788461538461 0.38822115384615385 0.020432692307692308 0.042067307692307696
0 0.5925480769230769 0.390625 0.021634615384615384 0.038461538461538464
0 0.5048076923076923 0.4026442307692308 0.019230769230769232 0.042067307692307696
0 0.46274038461538464 0.41225961538461536 0.02403846153846154 0.042067307692307696
0 0.41225961538461536 0.4254807692307692 0.020432692307692308 0.037259615384615384
0 0.29447115384615385 0.4326923076923077 0.019230769230769232 0.03485576923076923
0 0.3713942307692308 0.4338942307692308 0.02283653846153846 0.04807692307692308
0 0.32572115384615385 0.43509615384615385 0.02283653846153846 0.04567307692307692
1 0.9302884615384616 0.47115384615384615 0.03245192307692308 0.055288461538461536
1 0.7872596153846154 0.4735576923076923 0.027644230769230768 0.046875
1 0.6526442307692307 0.48197115384615385 0.02403846153846154 0.04447115384615385
1 0.5901442307692307 0.4855769230769231 0.025240384615384616 0.042067307692307696
1 0.5264423076923077 0.49278846153846156 0.027644230769230768 0.042067307692307696
1 0.4639423076923077 0.5036057692307693 0.03485576923076923 0.04567307692307692
1 0.40024038461538464 0.5264423076923077 0.028846153846153848 0.04807692307692308
1 0.33653846153846156 0.5372596153846154 0.028846153846153848 0.051682692307692304
1 0.2644230769230769 0.5432692307692307 0.03365384615384615 0.051682692307692304
1 0.019230769230769232 0.5504807692307693 0.027644230769230768 0.046875
1 0.19471153846153846 0.5528846153846154 0.028846153846153848 0.052884615384615384
1 0.11899038461538461 0.5588942307692307 0.030048076923076924 0.057692307692307696
1 0.0673076923076923 0.5588942307692307 0.03485576923076923 0.05889423076923077