0 0.34975961538461536 0.34375 0.020432692307692308 0.027644230769230768
0 0.3112980769230769 0.3641826923076923 0.019230769230769232 0.04447115384615385
0 0.2644230769230769 0.38341346153846156 0.02403846153846154 0.03485576923076923
0 0.5829326923076923 0.38822115384615385 0.019230769230769232 0.037259615384615384
0 0.7259615384615384 0.3894230769230769 0.016826923076923076 0.038461538461538464
0 0.5336538461538461 0.3894230769230769 0.027644230769230768 0.046875
0 0.6754807692307693 0.390625 0.016826923076923076 0.036057692307692304
0 0.49278846153846156 0.390625 0.021634615384615384 0.036057692307692304
0 0.6298076923076923 0.390625 0.02403846153846154 0.038461538461538464
0 0.7680288461538461 0.39302884615384615 0.020432692307692308 0.03485576923076923
0 0.44591346153846156 0.3954326923076923 0.019230769230769232 0.038461538461538464
0 0.40024038461538464 0.39903846153846156 0.02403846153846154 0.039663461538461536
0 0.22596153846153846 0.4050480769230769 0.015625 0.039663461538461536
0 0.34375 0.4050480769230769 0.020432692307692308 0.03485576923076923
0 0.30528846153846156 0.4098557692307692 0.02283653846153846 0.038461538461538464
0 0.2536057692307692 0.41346153846153844 0.020432692307692308 0.038461538461538464
1 0.4206730769230769 0.4891826923076923 0.027644230769230768 0.040865384615384616
1 0.5492788461538461 0.49158653846153844 0.028846153846153848 0.04567307692307692
1 0.484375 0.4951923076923077 0.03245192307692308 0.06610576923076923
1 0.3545673076923077 0.4963942307692308 0.02403846153846154 0.038461538461538464
1 0.6875 0.5024038461538461 0.028846153846153848 0.057692307692307696
1 0.2848557692307692 0.5084134615384616 0.027644230769230768 0.036057692307692304
1 0.21754807692307693 0.515625 0.03125 0.038461538461538464
1 0.8317307692307693 0.5168269230769231 0.03245192307692308 0.06610576923076923
1 0.14182692307692307 0.5168269230769231 0.021634615384615384 0.030048076923076924
1 0.06850961538461539 0.5228365384615384 0.026442307692307692 0.03485576923076923