0 0.5552884615384616 0.36899038461538464 0.027644230769230768 0.04927884615384615
0 0.4675480769230769 0.36899038461538464 0.027644230769230768 0.054086538461538464
0 0.6021634615384616 0.3701923076923077 0.019230769230769232 0.04447115384615385
0 0.5108173076923077 0.3713942307692308 0.02403846153846154 0.046875
0 0.640625 0.3713942307692308 0.02283653846153846 0.036057692307692304
0 0.41947115384615385 0.37259615384615385 0.028846153846153848 0.057692307692307696
0 0.3737980769230769 0.3737980769230769 0.02403846153846154 0.04567307692307692
0 0.32211538461538464 0.3762019230769231 0.03365384615384615 0.056490384615384616
0 0.27283653846153844 0.38100961538461536 0.026442307692307692 0.046875
1 0.3076923076923077 0.4795673076923077 0.03125 0.06610576923076923
1 0.3701923076923077 0.4795673076923077 0.03125 0.06610576923076923
1 0.24278846153846154 0.48197115384615385 0.037259615384615384 0.051682692307692304
1 0.5012019230769231 0.4831730769230769 0.03245192307692308 0.06129807692307692
1 0.17307692307692307 0.4855769230769231 0.028846153846153848 0.052884615384615384
1 0.6394230769230769 0.5024038461538461 0.02403846153846154 0.0625
1 0.10096153846153846 0.5048076923076923 0.03485576923076923 0.054086538461538464
1 0.025240384615384616 0.5120192307692307 0.03125 0.05889423076923077