1 0.3125 0.23317307692307693 0.014423076923076924 0.020432692307692308
1 0.29086538461538464 0.23798076923076922 0.01201923076923077 0.019230769230769232
0 0.4831730769230769 0.24519230769230768 0.014423076923076924 0.02283653846153846
1 0.24519230769230768 0.2512019230769231 0.013221153846153846 0.020432692307692308
0 0.43509615384615385 0.25961538461538464 0.016826923076923076 0.021634615384615384
1 0.19230769230769232 0.2644230769230769 0.016826923076923076 0.020432692307692308
0 0.3918269230769231 0.2644230769230769 0.010817307692307692 0.021634615384615384
1 0.12980769230769232 0.28125 0.018028846153846152 0.018028846153846152
0 0.3425480769230769 0.2824519230769231 0.016826923076923076 0.021634615384615384
1 0.06370192307692307 0.29447115384615385 0.019230769230769232 0.02283653846153846
0 0.28846153846153844 0.296875 0.015625 0.027644230769230768
1 0.02283653846153846 0.30649038461538464 0.021634615384615384 0.025240384615384616
0 0.25841346153846156 0.30649038461538464 0.018028846153846152 0.02403846153846154
0 0.23677884615384615 0.31850961538461536 0.014423076923076924 0.026442307692307692
0 0.390625 0.3233173076923077 0.02283653846153846 0.030048076923076924
0 0.4375 0.3245192307692308 0.019230769230769232 0.026442307692307692
0 0.4831730769230769 0.32572115384615385 0.021634615384615384 0.027644230769230768
0 0.296875 0.3269230769230769 0.016826923076923076 0.030048076923076924
0 0.33653846153846156 0.3269230769230769 0.018028846153846152 0.025240384615384616
0 0.5276442307692307 0.328125 0.021634615384615384 0.03125
0 0.5745192307692307 0.33052884615384615 0.018028846153846152 0.026442307692307692
0 0.2548076923076923 0.33052884615384615 0.018028846153846152 0.026442307692307692
0 0.6213942307692307 0.34134615384615385 0.02283653846153846 0.036057692307692304
0 0.6670673076923077 0.34975961538461536 0.018028846153846152 0.037259615384615384
0 0.7175480769230769 0.35216346153846156 0.02403846153846154 0.040865384615384616
0 0.7620192307692307 0.359375 0.026442307692307692 0.042067307692307696
1 0.3389423076923077 0.41947115384615385 0.026442307692307692 0.036057692307692304
1 0.027644230769230768 0.421875 0.03125 0.03365384615384615
1 0.27524038461538464 0.4230769230769231 0.028846153846153848 0.038461538461538464
1 0.4014423076923077 0.42427884615384615 0.027644230769230768 0.038461538461538464
1 0.08533653846153846 0.4254807692307692 0.028846153846153848 0.038461538461538464
1 0.14903846153846154 0.4266826923076923 0.028846153846153848 0.03485576923076923
1 0.21033653846153846 0.42788461538461536 0.027644230769230768 0.039663461538461536
1 0.46153846153846156 0.4362980769230769 0.030048076923076924 0.042067307692307696
1 0.5889423076923077 0.45913461538461536 0.03125 0.046875
1 0.7319711538461539 0.4951923076923077 0.036057692307692304 0.06610576923076923