1 0.13942307692307693 0.9447115384615384 0.16346153846153846 0.10576923076923077
1 0.33413461538461536 0.8858173076923077 0.11057692307692307 0.15144230769230768
1 0.28846153846153844 0.7199519230769231 0.036057692307692304 0.0625
1 0.26322115384615385 0.6971153846153846 0.028846153846153848 0.06009615384615385
1 0.4987980769230769 0.6778846153846154 0.026442307692307692 0.04567307692307692
1 0.5733173076923077 0.6754807692307693 0.03125 0.04326923076923077
0 0.9567307692307693 0.7980769230769231 0.07692307692307693 0.12259615384615384
0 0.9086538461538461 0.7620192307692307 0.052884615384615384 0.07932692307692307
0 0.8161057692307693 0.7307692307692307 0.040865384615384616 0.06971153846153846
0 0.7475961538461539 0.7271634615384616 0.04326923076923077 0.07692307692307693
0 0.671875 0.7007211538461539 0.04807692307692308 0.06971153846153846
0 0.9387019230769231 0.6971153846153846 0.036057692307692304 0.06009615384615385