1 0.13341346153846154 0.9302884615384616 0.1466346153846154 0.13221153846153846
1 0.3737980769230769 0.6766826923076923 0.03365384615384615 0.055288461538461536
1 0.4567307692307692 0.6766826923076923 0.03365384615384615 0.055288461538461536
1 0.12620192307692307 0.7307692307692307 0.04807692307692308 0.08173076923076923
1 0.2776442307692308 0.6814903846153846 0.028846153846153848 0.052884615384615384
1 0.24158653846153846 0.7908653846153846 0.052884615384615384 0.08653846153846154
1 0.22235576923076922 0.6838942307692307 0.03125 0.055288461538461536
0 0.9675480769230769 0.8581730769230769 0.06009615384615385 0.13942307692307693
0 0.8701923076923077 0.8221153846153846 0.09615384615384616 0.125
0 0.8125 0.7728365384615384 0.0625 0.08653846153846154
0 0.9170673076923077 0.6947115384615384 0.04807692307692308 0.06490384615384616
0 0.8329326923076923 0.6935096153846154 0.04807692307692308 0.06971153846153846
0 0.7115384615384616 0.7427884615384616 0.057692307692307696 0.08173076923076923
0 0.6382211538461539 0.7307692307692307 0.05048076923076923 0.07932692307692307
0 0.5564903846153846 0.7115384615384616 0.04326923076923077 0.08173076923076923