0 0.8365384615384616 0.828125 0.08653846153846154 0.13942307692307693
0 0.9543269230769231 0.8713942307692307 0.08653846153846154 0.15144230769230768
0 0.7704326923076923 0.7836538461538461 0.06490384615384616 0.10096153846153846
0 0.8665865384615384 0.6935096153846154 0.04807692307692308 0.07451923076923077
0 0.7836538461538461 0.6947115384615384 0.038461538461538464 0.0673076923076923
0 0.6634615384615384 0.7355769230769231 0.052884615384615384 0.08173076923076923
0 0.5865384615384616 0.7355769230769231 0.057692307692307696 0.08653846153846154
0 0.5108173076923077 0.7103365384615384 0.04326923076923077 0.08413461538461539
1 0.4699519230769231 0.6670673076923077 0.021634615384615384 0.038461538461538464
1 0.40384615384615385 0.6826923076923077 0.028846153846153848 0.055288461538461536
1 0.31971153846153844 0.6838942307692307 0.028846153846153848 0.05048076923076923
1 0.2127403846153846 0.6875 0.03125 0.055288461538461536
1 0.14783653846153846 0.6959134615384616 0.03365384615384615 0.06009615384615385
1 0.11899038461538461 0.7319711538461539 0.03365384615384615 0.055288461538461536
1 0.15144230769230768 0.8064903846153846 0.057692307692307696 0.08173076923076923
1 0.13581730769230768 0.9050480769230769 0.040865384615384616 0.1201923076923077