1 0.018028846153846152 0.8004807692307693 0.036057692307692304 0.10336538461538461
1 0.09014423076923077 0.6911057692307693 0.038461538461538464 0.0625
1 0.20793269230769232 0.6850961538461539 0.03365384615384615 0.06009615384615385
1 0.29927884615384615 0.6778846153846154 0.036057692307692304 0.06009615384615385
0 0.8918269230769231 0.9098557692307693 0.11057692307692307 0.17548076923076922
0 0.7572115384615384 0.8425480769230769 0.09375 0.14423076923076922
0 0.6838942307692307 0.8040865384615384 0.0673076923076923 0.11057692307692307
0 0.5697115384615384 0.7512019230769231 0.057692307692307696 0.08413461538461539
0 0.49399038461538464 0.7415865384615384 0.04807692307692308 0.08653846153846154
0 0.40865384615384615 0.7127403846153846 0.04807692307692308 0.07692307692307693
0 0.7740384615384616 0.7007211538461539 0.04326923076923077 0.0673076923076923
0 0.6923076923076923 0.6947115384615384 0.036057692307692304 0.06490384615384616
0 0.4795673076923077 0.6875 0.03125 0.04326923076923077