1 0.055288461538461536 0.7151442307692307 0.04326923076923077 0.0625
1 0.17668269230769232 0.6959134615384616 0.040865384615384616 0.06009615384615385
1 0.27283653846153844 0.6935096153846154 0.04567307692307692 0.0673076923076923
0 0.38221153846153844 0.7283653846153846 0.04807692307692308 0.0889423076923077
0 0.46875 0.7536057692307693 0.057692307692307696 0.08413461538461539
0 0.5480769230769231 0.7644230769230769 0.057692307692307696 0.10096153846153846
0 0.6706730769230769 0.8088942307692307 0.07451923076923077 0.11298076923076923
0 0.7548076923076923 0.8629807692307693 0.08653846153846154 0.18028846153846154
0 0.9026442307692307 0.9146634615384616 0.13221153846153846 0.1658653846153846
0 0.7608173076923077 0.6947115384615384 0.04567307692307692 0.0673076923076923
0 0.6778846153846154 0.6971153846153846 0.04567307692307692 0.07451923076923077