0 0.9326923076923077 0.9375 0.12980769230769232 0.1201923076923077
0 0.7463942307692307 0.8990384615384616 0.11057692307692307 0.1658653846153846
0 0.6586538461538461 0.8377403846153846 0.08413461538461539 0.12740384615384615
0 0.53125 0.7776442307692307 0.0673076923076923 0.10336538461538461
0 0.4387019230769231 0.7608173076923077 0.055288461538461536 0.08653846153846154
0 0.35096153846153844 0.7331730769230769 0.04807692307692308 0.0889423076923077
0 0.7524038461538461 0.6995192307692307 0.04326923076923077 0.0673076923076923
0 0.6622596153846154 0.7079326923076923 0.04326923076923077 0.07451923076923077
1 0.13701923076923078 0.6995192307692307 0.05048076923076923 0.07692307692307693
1 0.24158653846153846 0.7007211538461539 0.038461538461538464 0.06490384615384616
1 0.014423076923076924 0.703125 0.028846153846153848 0.06009615384615385