0 0.8653846153846154 0.9254807692307693 0.1466346153846154 0.14182692307692307
0 0.7548076923076923 0.8581730769230769 0.09615384615384616 0.12980769230769232
0 0.609375 0.8004807692307693 0.07692307692307693 0.1201923076923077
0 0.5108173076923077 0.7716346153846154 0.06490384615384616 0.0985576923076923
0 0.41466346153846156 0.7415865384615384 0.0673076923076923 0.08653846153846154
0 0.8485576923076923 0.7079326923076923 0.052884615384615384 0.08653846153846154
0 0.7487980769230769 0.7055288461538461 0.04326923076923077 0.08173076923076923
0 0.5084134615384616 0.7055288461538461 0.040865384615384616 0.04326923076923077
1 0.08413461538461539 0.703125 0.036057692307692304 0.05048076923076923
1 0.007211538461538462 0.7079326923076923 0.014423076923076924 0.055288461538461536
1 0.2091346153846154 0.6935096153846154 0.040865384615384616 0.06009615384615385
1 0.3112980769230769 0.6935096153846154 0.038461538461538464 0.057692307692307696
1 0.5264423076923077 0.671875 0.03125 0.03365384615384615