1 0.038461538461538464 0.6923076923076923 0.03365384615384615 0.06009615384615385
1 0.11778846153846154 0.6923076923076923 0.040865384615384616 0.06009615384615385
1 0.25240384615384615 0.6814903846153846 0.040865384615384616 0.0673076923076923
1 0.3557692307692308 0.6887019230769231 0.038461538461538464 0.06971153846153846
1 0.5745192307692307 0.6706730769230769 0.026442307692307692 0.03125
0 0.4639423076923077 0.7307692307692307 0.057692307692307696 0.09134615384615384
0 0.5625 0.7836538461538461 0.07451923076923077 0.09375
0 0.6646634615384616 0.8064903846153846 0.07932692307692307 0.11538461538461539
0 0.8497596153846154 0.9098557692307693 0.11538461538461539 0.16346153846153846
0 0.5588942307692307 0.7067307692307693 0.04567307692307692 0.04567307692307692
0 0.6923076923076923 0.7127403846153846 0.021634615384615384 0.057692307692307696
0 0.8149038461538461 0.7163461538461539 0.05048076923076923 0.0625
0 0.921875 0.7139423076923077 0.052884615384615384 0.07451923076923077