0 0.9014423076923077 0.9182692307692307 0.1346153846153846 0.15384615384615385
0 0.9651442307692307 0.7127403846153846 0.04807692307692308 0.07932692307692307
0 0.8533653846153846 0.71875 0.04807692307692308 0.06971153846153846
0 0.7271634615384616 0.7283653846153846 0.03125 0.06490384615384616
0 0.5865384615384616 0.7199519230769231 0.04807692307692308 0.04326923076923077
0 0.4879807692307692 0.7524038461538461 0.04807692307692308 0.07692307692307693
0 0.5865384615384616 0.7944711538461539 0.07692307692307693 0.10576923076923077
0 0.703125 0.8209134615384616 0.0673076923076923 0.0889423076923077
1 0.6009615384615384 0.6766826923076923 0.038461538461538464 0.038461538461538464
1 0.3798076923076923 0.7019230769230769 0.036057692307692304 0.0625
1 0.27403846153846156 0.7067307692307693 0.036057692307692304 0.06009615384615385
1 0.14302884615384615 0.7175480769230769 0.036057692307692304 0.0673076923076923
1 0.054086538461538464 0.7223557692307693 0.04326923076923077 0.06490384615384616