1 0.08052884615384616 0.7127403846153846 0.040865384615384616 0.06971153846153846
1 0.171875 0.7103365384615384 0.040865384615384616 0.0625
1 0.3076923076923077 0.6983173076923077 0.04567307692307692 0.06009615384615385
1 0.41466346153846156 0.703125 0.04326923076923077 0.06490384615384616
1 0.6466346153846154 0.6778846153846154 0.03125 0.03365384615384615
0 0.5180288461538461 0.7560096153846154 0.06971153846153846 0.10576923076923077
0 0.6286057692307693 0.8112980769230769 0.07932692307692307 0.11778846153846154
0 0.6286057692307693 0.7247596153846154 0.055288461538461536 0.055288461538461536
0 0.7860576923076923 0.7379807692307693 0.05048076923076923 0.07692307692307693
0 0.9170673076923077 0.7295673076923077 0.04807692307692308 0.07211538461538461
0 0.7620192307692307 0.8521634615384616 0.09375 0.12259615384615384
0 0.9543269230769231 0.9375 0.08653846153846154 0.1201923076923077