0 0.9350961538461539 0.734375 0.057692307692307696 0.09134615384615384
0 0.8016826923076923 0.734375 0.04807692307692308 0.08413461538461539
0 0.6430288461538461 0.7307692307692307 0.04807692307692308 0.055288461538461536
0 0.5348557692307693 0.7596153846153846 0.055288461538461536 0.0985576923076923
0 0.6454326923076923 0.8233173076923077 0.08173076923076923 0.10096153846153846
0 0.7788461538461539 0.859375 0.10576923076923077 0.1466346153846154
1 0.6526442307692307 0.6875 0.04326923076923077 0.04326923076923077
1 0.4254807692307692 0.6983173076923077 0.03365384615384615 0.0625
1 0.3161057692307692 0.7043269230769231 0.04326923076923077 0.07211538461538461
1 0.18389423076923078 0.7103365384615384 0.040865384615384616 0.07692307692307693
1 0.09615384615384616 0.7139423076923077 0.04567307692307692 0.08173076923076923