1 0.09254807692307693 0.7067307692307693 0.04807692307692308 0.07932692307692307
1 0.17668269230769232 0.7091346153846154 0.04807692307692308 0.07692307692307693
1 0.3161057692307692 0.6923076923076923 0.040865384615384616 0.0673076923076923
1 0.4230769230769231 0.7019230769230769 0.038461538461538464 0.0673076923076923
0 0.5336538461538461 0.7560096153846154 0.06009615384615385 0.10576923076923077
1 0.6550480769230769 0.6778846153846154 0.036057692307692304 0.036057692307692304
0 0.6418269230769231 0.7247596153846154 0.04807692307692308 0.055288461538461536
0 0.8004807692307693 0.7259615384615384 0.052884615384615384 0.07451923076923077
0 0.9350961538461539 0.7319711538461539 0.05048076923076923 0.08413461538461539
0 0.6454326923076923 0.8100961538461539 0.07932692307692307 0.11057692307692307
0 0.7776442307692307 0.8557692307692307 0.0985576923076923 0.12980769230769232