0 0.9158653846153846 0.8990384615384616 0.12259615384615384 0.16826923076923078
0 0.9194711538461539 0.7475961538461539 0.06490384615384616 0.09615384615384616
0 0.7512019230769231 0.8425480769230769 0.10096153846153846 0.14182692307692307
0 0.6286057692307693 0.7788461538461539 0.06009615384615385 0.10096153846153846
0 0.7427884615384616 0.7379807692307693 0.055288461538461536 0.07211538461538461
1 0.025240384615384616 0.7331730769230769 0.05048076923076923 0.08173076923076923
1 0.18269230769230768 0.7163461538461539 0.04326923076923077 0.06009615384615385
1 0.2644230769230769 0.7079326923076923 0.038461538461538464 0.06490384615384616
1 0.4026442307692308 0.7019230769230769 0.04326923076923077 0.07451923076923077
1 0.5108173076923077 0.703125 0.04567307692307692 0.0625
1 0.7584134615384616 0.6899038461538461 0.03125 0.02403846153846154