1 0.06850961538461539 0.7475961538461539 0.06009615384615385 0.08413461538461539
1 0.22596153846153846 0.7199519230769231 0.04807692307692308 0.07692307692307693
1 0.3076923076923077 0.7127403846153846 0.05048076923076923 0.06971153846153846
1 0.45072115384615385 0.7019230769230769 0.040865384615384616 0.0673076923076923
1 0.5588942307692307 0.7055288461538461 0.04567307692307692 0.06971153846153846
1 0.8137019230769231 0.6911057692307693 0.038461538461538464 0.038461538461538464
0 0.6814903846153846 0.7788461538461539 0.07211538461538461 0.10096153846153846
0 0.8016826923076923 0.7463942307692307 0.06490384615384616 0.07451923076923077
0 0.9771634615384616 0.7536057692307693 0.040865384615384616 0.08413461538461539
0 0.8137019230769231 0.8545673076923077 0.10096153846153846 0.13942307692307693
0 0.9603365384615384 0.9050480769230769 0.07451923076923077 0.16105769230769232