1 0.5889423076923077 0.6850961538461539 0.03125 0.05048076923076923
1 0.7740384615384616 0.6754807692307693 0.021634615384615384 0.019230769230769232
1 0.5120192307692307 0.6850961538461539 0.028846153846153848 0.04807692307692308
1 0.41947115384615385 0.6899038461538461 0.03125 0.05048076923076923
1 0.23918269230769232 0.9278846153846154 0.1201923076923077 0.13701923076923078
1 0.35096153846153844 0.8413461538461539 0.028846153846153848 0.08653846153846154
1 0.3629807692307692 0.7932692307692307 0.040865384615384616 0.08173076923076923
1 0.2764423076923077 0.7331730769230769 0.028846153846153848 0.0673076923076923
1 0.2620192307692308 0.7091346153846154 0.019230769230769232 0.038461538461538464
1 0.36538461538461536 0.6935096153846154 0.026442307692307692 0.04326923076923077
1 0.38461538461538464 0.7620192307692307 0.038461538461538464 0.0673076923076923
0 0.9711538461538461 0.8377403846153846 0.052884615384615384 0.13221153846153846
0 0.921875 0.7956730769230769 0.04567307692307692 0.0889423076923077
0 0.9783653846153846 0.7139423076923077 0.038461538461538464 0.0625
0 0.8894230769230769 0.7127403846153846 0.021634615384615384 0.0673076923076923
0 0.8293269230769231 0.7596153846153846 0.04807692307692308 0.0985576923076923
0 0.7572115384615384 0.7427884615384616 0.04567307692307692 0.07451923076923077
0 0.6875 0.7211538461538461 0.04326923076923077 0.07451923076923077