0 0.9651442307692307 0.8461538461538461 0.06490384615384616 0.13942307692307693
0 0.9158653846153846 0.7896634615384616 0.06009615384615385 0.09375
0 0.9591346153846154 0.7019230769230769 0.04326923076923077 0.057692307692307696
0 0.8125 0.7524038461538461 0.040865384615384616 0.08653846153846154
0 0.7415865384615384 0.7403846153846154 0.04807692307692308 0.07451923076923077
0 0.6622596153846154 0.7127403846153846 0.04326923076923077 0.07932692307692307
0 0.7379807692307693 0.6923076923076923 0.03365384615384615 0.038461538461538464
1 0.7487980769230769 0.6670673076923077 0.021634615384615384 0.02403846153846154
1 0.5673076923076923 0.6802884615384616 0.03125 0.05048076923076923
1 0.4795673076923077 0.6814903846153846 0.026442307692307692 0.057692307692307696
1 0.3894230769230769 0.6826923076923077 0.026442307692307692 0.055288461538461536
1 0.18389423076923078 0.9399038461538461 0.13701923076923078 0.11298076923076923
1 0.31009615384615385 0.8605769230769231 0.03125 0.0985576923076923
1 0.32572115384615385 0.7992788461538461 0.05048076923076923 0.10336538461538461
1 0.35697115384615385 0.7704326923076923 0.028846153846153848 0.07451923076923077
1 0.30288461538461536 0.7319711538461539 0.026442307692307692 0.040865384615384616
1 0.22596153846153846 0.7139423076923077 0.026442307692307692 0.05048076923076923
1 0.3317307692307692 0.6875 0.026442307692307692 0.052884615384615384