1 0.14423076923076922 0.9543269230769231 0.15865384615384615 0.08653846153846154
1 0.2860576923076923 0.8834134615384616 0.038461538461538464 0.13701923076923078
1 0.30649038461538464 0.8137019230769231 0.055288461538461536 0.10096153846153846
1 0.3425480769230769 0.7848557692307693 0.03125 0.08413461538461539
1 0.29447115384615385 0.7391826923076923 0.03125 0.04326923076923077
1 0.3858173076923077 0.6995192307692307 0.026442307692307692 0.055288461538461536
1 0.4855769230769231 0.6935096153846154 0.028846153846153848 0.055288461538461536
1 0.5673076923076923 0.6899038461538461 0.026442307692307692 0.04807692307692308
1 0.7620192307692307 0.6766826923076923 0.03365384615384615 0.028846153846153848
0 0.6766826923076923 0.734375 0.04567307692307692 0.07692307692307693
0 0.7584134615384616 0.7704326923076923 0.052884615384615384 0.08653846153846154
0 0.7487980769230769 0.7091346153846154 0.03365384615384615 0.03365384615384615
0 0.8389423076923077 0.7872596153846154 0.052884615384615384 0.09615384615384616
0 0.9783653846153846 0.7307692307692307 0.038461538461538464 0.0625
0 0.9615384615384616 0.8245192307692307 0.07211538461538461 0.10576923076923077