1 0.3329326923076923 0.9471153846153846 0.07211538461538461 0.0889423076923077
1 0.37259615384615385 0.8677884615384616 0.0889423076923077 0.12259615384615384
1 0.4182692307692308 0.8293269230769231 0.057692307692307696 0.10576923076923077
1 0.29447115384615385 0.7632211538461539 0.052884615384615384 0.07932692307692307
1 0.36538461538461536 0.7644230769230769 0.036057692307692304 0.057692307692307696
1 0.31971153846153844 0.7151442307692307 0.026442307692307692 0.052884615384615384
1 0.4723557692307692 0.6995192307692307 0.04326923076923077 0.052884615384615384
1 0.578125 0.6911057692307693 0.03365384615384615 0.06009615384615385
1 0.671875 0.6887019230769231 0.038461538461538464 0.06009615384615385
1 0.7463942307692307 0.6778846153846154 0.02403846153846154 0.06490384615384616
0 0.9098557692307693 0.7536057692307693 0.07451923076923077 0.09615384615384616
0 0.8786057692307693 0.6947115384615384 0.036057692307692304 0.038461538461538464
0 0.7992788461538461 0.7307692307692307 0.04326923076923077 0.06971153846153846