1 0.25240384615384615 0.9002403846153846 0.10336538461538461 0.16826923076923078
1 0.3125 0.8257211538461539 0.04807692307692308 0.11778846153846154
1 0.2620192307692308 0.7668269230769231 0.055288461538461536 0.08173076923076923
1 0.1971153846153846 0.7524038461538461 0.05048076923076923 0.08173076923076923
1 0.18509615384615385 0.7043269230769231 0.02403846153846154 0.036057692307692304
1 0.22115384615384615 0.6935096153846154 0.026442307692307692 0.04567307692307692
1 0.3894230769230769 0.6899038461538461 0.040865384615384616 0.06490384615384616
1 0.5060096153846154 0.6862980769230769 0.03365384615384615 0.0625
1 0.5949519230769231 0.6838942307692307 0.03365384615384615 0.0673076923076923
1 0.6742788461538461 0.6887019230769231 0.026442307692307692 0.04326923076923077
0 0.7307692307692307 0.7403846153846154 0.052884615384615384 0.0985576923076923
0 0.8100961538461539 0.7223557692307693 0.038461538461538464 0.06009615384615385
0 0.8497596153846154 0.7992788461538461 0.06009615384615385 0.09375
0 0.9507211538461539 0.7295673076923077 0.04326923076923077 0.05048076923076923
0 0.9663461538461539 0.8088942307692307 0.0625 0.0985576923076923