0 0.9555288461538461 0.8341346153846154 0.08413461538461539 0.11538461538461539
0 0.8269230769230769 0.8016826923076923 0.06971153846153846 0.10096153846153846
0 0.7151442307692307 0.7596153846153846 0.06971153846153846 0.09134615384615384
0 0.7884615384615384 0.7475961538461539 0.04807692307692308 0.07451923076923077
0 0.9314903846153846 0.734375 0.04807692307692308 0.06490384615384616
1 0.6574519230769231 0.6947115384615384 0.03125 0.055288461538461536
1 0.5721153846153846 0.6983173076923077 0.03365384615384615 0.05048076923076923
1 0.4807692307692308 0.6971153846153846 0.028846153846153848 0.06009615384615385
1 0.3629807692307692 0.7019230769230769 0.03125 0.055288461538461536
1 0.19831730769230768 0.7019230769230769 0.04326923076923077 0.0625
1 0.15264423076923078 0.7079326923076923 0.04567307692307692 0.03125
1 0.16706730769230768 0.7608173076923077 0.05048076923076923 0.06490384615384616
1 0.2776442307692308 0.8485576923076923 0.07932692307692307 0.11778846153846154
1 0.21514423076923078 0.9026442307692307 0.10336538461538461 0.12740384615384615