1 0.18629807692307693 0.921875 0.11538461538461539 0.15144230769230768
1 0.2439903846153846 0.8557692307692307 0.06009615384615385 0.1201923076923077
1 0.13341346153846154 0.7644230769230769 0.04807692307692308 0.08653846153846154
1 0.21153846153846154 0.7752403846153846 0.055288461538461536 0.06490384615384616
1 0.12620192307692307 0.7127403846153846 0.036057692307692304 0.03125
1 0.17067307692307693 0.7103365384615384 0.03125 0.06009615384615385
1 0.34615384615384615 0.6983173076923077 0.04326923076923077 0.06490384615384616
1 0.46274038461538464 0.6971153846153846 0.040865384615384616 0.06490384615384616
1 0.5588942307692307 0.7007211538461539 0.04567307692307692 0.055288461538461536
1 0.6358173076923077 0.7055288461538461 0.036057692307692304 0.04326923076923077
1 0.7728365384615384 0.7019230769230769 0.036057692307692304 0.02403846153846154
0 0.9411057692307693 0.8461538461538461 0.08173076923076923 0.11538461538461539
0 0.921875 0.7463942307692307 0.057692307692307696 0.07692307692307693
0 0.8197115384615384 0.8076923076923077 0.06971153846153846 0.09375
0 0.7752403846153846 0.75 0.04807692307692308 0.052884615384615384
0 0.6983173076923077 0.7680288461538461 0.057692307692307696 0.08413461538461539