0 0.9423076923076923 0.8497596153846154 0.09375 0.11778846153846154
0 0.9110576923076923 0.7608173076923077 0.055288461538461536 0.07451923076923077
0 0.8100961538461539 0.8125 0.07451923076923077 0.09375
0 0.7704326923076923 0.7536057692307693 0.040865384615384616 0.0625
0 0.6875 0.7692307692307693 0.055288461538461536 0.07211538461538461
1 0.7668269230769231 0.7067307692307693 0.03365384615384615 0.03125
1 0.6346153846153846 0.7127403846153846 0.03365384615384615 0.055288461538461536
1 0.5492788461538461 0.7115384615384616 0.03125 0.05048076923076923
1 0.4567307692307692 0.7019230769230769 0.03125 0.05048076923076923
1 0.3401442307692308 0.7043269230769231 0.03365384615384615 0.057692307692307696
1 0.16105769230769232 0.7043269230769231 0.02403846153846154 0.05048076923076923
1 0.11778846153846154 0.7079326923076923 0.04567307692307692 0.028846153846153848
1 0.12740384615384615 0.7680288461538461 0.04807692307692308 0.0673076923076923
1 0.20432692307692307 0.7716346153846154 0.04807692307692308 0.052884615384615384
1 0.24158653846153846 0.8509615384615384 0.06490384615384616 0.10576923076923077
1 0.18028846153846154 0.9170673076923077 0.09615384615384616 0.1466346153846154