1 0.6322115384615384 0.7103365384615384 0.03125 0.04807692307692308
1 0.765625 0.7019230769230769 0.03365384615384615 0.026442307692307692
1 0.5480769230769231 0.7067307692307693 0.03365384615384615 0.0673076923076923
1 0.4543269230769231 0.7019230769230769 0.026442307692307692 0.057692307692307696
1 0.3389423076923077 0.7067307692307693 0.03125 0.055288461538461536
1 0.15985576923076922 0.7055288461538461 0.038461538461538464 0.055288461538461536
1 0.1141826923076923 0.71875 0.038461538461538464 0.028846153846153848
1 0.1201923076923077 0.7788461538461539 0.055288461538461536 0.06490384615384616
1 0.203125 0.7800480769230769 0.040865384615384616 0.057692307692307696
1 0.24519230769230768 0.8641826923076923 0.052884615384615384 0.11057692307692307
1 0.1814903846153846 0.9194711538461539 0.09375 0.11778846153846154
0 0.9362980769230769 0.8533653846153846 0.09134615384615384 0.1346153846153846
0 0.8052884615384616 0.8100961538461539 0.06490384615384616 0.10336538461538461
0 0.7680288461538461 0.7560096153846154 0.04326923076923077 0.0673076923076923
0 0.6899038461538461 0.7692307692307693 0.052884615384615384 0.09134615384615384
0 0.9134615384615384 0.75 0.055288461538461536 0.057692307692307696