1 0.9242788461538461 0.6814903846153846 0.021634615384615384 0.04326923076923077
1 0.8485576923076923 0.671875 0.028846153846153848 0.038461538461538464
1 0.796875 0.7175480769230769 0.021634615384615384 0.0673076923076923
1 0.7800480769230769 0.7151442307692307 0.03125 0.07211538461538461
1 0.7680288461538461 0.734375 0.021634615384615384 0.07211538461538461
1 0.7175480769230769 0.7427884615384616 0.038461538461538464 0.07451923076923077
1 0.6310096153846154 0.7560096153846154 0.04807692307692308 0.08413461538461539
1 0.5480769230769231 0.7584134615384616 0.052884615384615384 0.0889423076923077
1 0.41346153846153844 0.7668269230769231 0.06009615384615385 0.10096153846153846
1 0.25721153846153844 0.7800480769230769 0.07451923076923077 0.11778846153846154
1 0.056490384615384616 0.8834134615384616 0.11298076923076923 0.14903846153846154