0 0.9891826923076923 0.7103365384615384 0.016826923076923076 0.07932692307692307
0 0.9435096153846154 0.6947115384615384 0.03365384615384615 0.0673076923076923
1 0.8725961538461539 0.6754807692307693 0.03125 0.055288461538461536
1 0.7175480769230769 0.671875 0.03365384615384615 0.06009615384615385
1 0.6009615384615384 0.6706730769230769 0.040865384615384616 0.055288461538461536
1 0.6850961538461539 0.7163461538461539 0.02403846153846154 0.06490384615384616
1 0.6646634615384616 0.7475961538461539 0.021634615384615384 0.0673076923076923
1 0.6189903846153846 0.7644230769230769 0.06009615384615385 0.08173076923076923
1 0.4963942307692308 0.7908653846153846 0.07451923076923077 0.11298076923076923
1 0.3798076923076923 0.8197115384615384 0.09134615384615384 0.1201923076923077
1 0.16346153846153846 0.8713942307692307 0.11538461538461539 0.1658653846153846