0 0.9795673076923077 0.8341346153846154 0.036057692307692304 0.12980769230769232
0 0.9134615384615384 0.8052884615384616 0.07932692307692307 0.11778846153846154
0 0.875 0.7536057692307693 0.040865384615384616 0.052884615384615384
0 0.8052884615384616 0.7367788461538461 0.040865384615384616 0.08173076923076923
0 0.7415865384615384 0.7295673076923077 0.04807692307692308 0.08173076923076923
0 0.6802884615384616 0.6995192307692307 0.03365384615384615 0.07932692307692307
0 0.7463942307692307 0.6887019230769231 0.036057692307692304 0.040865384615384616
0 0.9615384615384616 0.6935096153846154 0.04326923076923077 0.057692307692307696
0 0.8653846153846154 0.6923076923076923 0.03365384615384615 0.05048076923076923
1 0.765625 0.6706730769230769 0.02403846153846154 0.040865384615384616
1 0.5901442307692307 0.6766826923076923 0.026442307692307692 0.040865384615384616
1 0.5132211538461539 0.6754807692307693 0.03365384615384615 0.055288461538461536
1 0.42908653846153844 0.6778846153846154 0.03365384615384615 0.04567307692307692
1 0.37740384615384615 0.6754807692307693 0.021634615384615384 0.04567307692307692
1 0.29086538461538464 0.6995192307692307 0.038461538461538464 0.057692307692307696
1 0.3858173076923077 0.7391826923076923 0.040865384615384616 0.0625
1 0.36899038461538464 0.7980769230769231 0.028846153846153848 0.08653846153846154
1 0.29086538461538464 0.8605769230769231 0.07932692307692307 0.10576923076923077
1 0.07692307692307693 0.9399038461538461 0.12980769230769232 0.11298076923076923