0 0.9050480769230769 0.8521634615384616 0.0625 0.13701923076923078
0 0.8173076923076923 0.8269230769230769 0.07211538461538461 0.1201923076923077
0 0.7728365384615384 0.7704326923076923 0.036057692307692304 0.08173076923076923
0 0.6971153846153846 0.7439903846153846 0.040865384615384616 0.07932692307692307
0 0.6370192307692307 0.7247596153846154 0.04326923076923077 0.06971153846153846
0 0.5673076923076923 0.703125 0.040865384615384616 0.06490384615384616
0 0.9266826923076923 0.6995192307692307 0.021634615384615384 0.057692307692307696
0 0.8293269230769231 0.7007211538461539 0.03365384615384615 0.057692307692307696
0 0.7512019230769231 0.6899038461538461 0.03125 0.05048076923076923
0 0.6370192307692307 0.6802884615384616 0.026442307692307692 0.02403846153846154
1 0.6574519230769231 0.6670673076923077 0.021634615384615384 0.04326923076923077
1 0.4807692307692308 0.6658653846153846 0.026442307692307692 0.04567307692307692
1 0.4050480769230769 0.6682692307692307 0.028846153846153848 0.055288461538461536
1 0.31009615384615385 0.671875 0.04326923076923077 0.06490384615384616
1 0.25 0.6670673076923077 0.021634615384615384 0.05048076923076923
1 0.14423076923076922 0.6814903846153846 0.03365384615384615 0.04807692307692308
1 0.21634615384615385 0.7067307692307693 0.03125 0.040865384615384616
1 0.265625 0.7548076923076923 0.03125 0.0625
1 0.24759615384615385 0.7860576923076923 0.03365384615384615 0.07451923076923077
1 0.21875 0.8173076923076923 0.021634615384615384 0.11298076923076923
1 0.10096153846153846 0.8978365384615384 0.11538461538461539 0.14903846153846154