0 0.9122596153846154 0.9038461538461539 0.10336538461538461 0.17307692307692307
0 0.8581730769230769 0.6935096153846154 0.040865384615384616 0.06490384615384616
0 0.765625 0.6971153846153846 0.04567307692307692 0.0625
0 0.6778846153846154 0.7007211538461539 0.02403846153846154 0.06490384615384616
0 0.7848557692307693 0.8449519230769231 0.09615384615384616 0.13221153846153846
0 0.7271634615384616 0.8016826923076923 0.052884615384615384 0.10096153846153846
0 0.6177884615384616 0.7596153846153846 0.04807692307692308 0.0889423076923077
0 0.5528846153846154 0.7487980769230769 0.055288461538461536 0.08173076923076923
0 0.4723557692307692 0.7175480769230769 0.04567307692307692 0.07692307692307693
0 0.5516826923076923 0.6923076923076923 0.038461538461538464 0.04807692307692308
1 0.5384615384615384 0.6706730769230769 0.009615384615384616 0.05048076923076923
1 0.375 0.6802884615384616 0.03125 0.06009615384615385
1 0.1814903846153846 0.6850961538461539 0.04567307692307692 0.0625
1 0.2932692307692308 0.6862980769230769 0.036057692307692304 0.06009615384615385
1 0.1201923076923077 0.6947115384615384 0.021634615384615384 0.04807692307692308
1 0.010817307692307692 0.6983173076923077 0.021634615384615384 0.05048076923076923
1 0.057692307692307696 0.7475961538461539 0.038461538461538464 0.038461538461538464
1 0.08653846153846154 0.8161057692307693 0.038461538461538464 0.08653846153846154
1 0.036057692307692304 0.8461538461538461 0.06971153846153846 0.09134615384615384