0 0.9711538461538461 0.7175480769230769 0.052884615384615384 0.08173076923076923
0 0.8641826923076923 0.7163461538461539 0.04807692307692308 0.0625
0 0.9627403846153846 0.9314903846153846 0.06971153846153846 0.12259615384615384
0 0.8846153846153846 0.8774038461538461 0.10096153846153846 0.16105769230769232
0 0.7175480769230769 0.7944711538461539 0.06971153846153846 0.09375
0 0.7415865384615384 0.7151442307692307 0.02403846153846154 0.0673076923076923
0 0.6165865384615384 0.7740384615384616 0.057692307692307696 0.09375
0 0.53125 0.7451923076923077 0.04567307692307692 0.09375
0 0.6129807692307693 0.7091346153846154 0.038461538461538464 0.040865384615384616
1 0.6322115384615384 0.6838942307692307 0.028846153846153848 0.0625
1 0.4182692307692308 0.6947115384615384 0.038461538461538464 0.0673076923076923
1 0.32091346153846156 0.6959134615384616 0.036057692307692304 0.06971153846153846
1 0.203125 0.6995192307692307 0.03365384615384615 0.06971153846153846
1 0.12379807692307693 0.7115384615384616 0.040865384615384616 0.0673076923076923
1 0.021634615384615384 0.765625 0.04326923076923077 0.07692307692307693
1 0.021634615384615384 0.8762019230769231 0.038461538461538464 0.14182692307692307