0 0.8990384615384616 0.9314903846153846 0.15144230769230768 0.13221153846153846
0 0.671875 0.8413461538461539 0.09375 0.13942307692307693
0 0.5444711538461539 0.796875 0.08173076923076923 0.12259615384615384
0 0.43028846153846156 0.7608173076923077 0.057692307692307696 0.10576923076923077
0 0.5360576923076923 0.7067307692307693 0.055288461538461536 0.04326923076923077
0 0.6802884615384616 0.7283653846153846 0.04567307692307692 0.06490384615384616
0 0.8064903846153846 0.7247596153846154 0.04807692307692308 0.07932692307692307
0 0.9206730769230769 0.7223557692307693 0.052884615384615384 0.07692307692307693
1 0.5492788461538461 0.6706730769230769 0.03365384615384615 0.028846153846153848
1 0.3161057692307692 0.6899038461538461 0.036057692307692304 0.0625
1 0.19471153846153846 0.6887019230769231 0.038461538461538464 0.07692307692307693
1 0.0625 0.7043269230769231 0.04567307692307692 0.07692307692307693