0 0.9074519230769231 0.9519230769230769 0.15384615384615385 0.08653846153846154
0 0.6526442307692307 0.8677884615384616 0.10576923076923077 0.15625
0 0.8930288461538461 0.734375 0.055288461538461536 0.08413461538461539
0 0.7752403846153846 0.734375 0.040865384615384616 0.06490384615384616
0 0.65625 0.7403846153846154 0.05048076923076923 0.07692307692307693
0 0.5024038461538461 0.7295673076923077 0.05048076923076923 0.057692307692307696
0 0.5084134615384616 0.8221153846153846 0.08413461538461539 0.12740384615384615
0 0.38822115384615385 0.7644230769230769 0.057692307692307696 0.10096153846153846
1 0.5144230769230769 0.6862980769230769 0.03365384615384615 0.04326923076923077
1 0.2692307692307692 0.6971153846153846 0.04567307692307692 0.06490384615384616
1 0.1502403846153846 0.6911057692307693 0.040865384615384616 0.06490384615384616
1 0.008413461538461538 0.7007211538461539 0.016826923076923076 0.06009615384615385