0 0.9579326923076923 0.9495192307692307 0.07932692307692307 0.09615384615384616
0 0.6923076923076923 0.8737980769230769 0.10817307692307693 0.14903846153846154
0 0.9326923076923077 0.7151442307692307 0.04567307692307692 0.08653846153846154
0 0.8100961538461539 0.7163461538461539 0.038461538461538464 0.06971153846153846
0 0.6862980769230769 0.7259615384615384 0.04807692307692308 0.07932692307692307
0 0.5240384615384616 0.7259615384615384 0.04807692307692308 0.0673076923076923
0 0.5372596153846154 0.8221153846153846 0.08653846153846154 0.13942307692307693
0 0.41346153846153844 0.7608173076923077 0.0625 0.09134615384615384
1 0.5408653846153846 0.6706730769230769 0.03365384615384615 0.04326923076923077
1 0.28846153846153844 0.6971153846153846 0.036057692307692304 0.052884615384615384
1 0.12740384615384615 0.6983173076923077 0.02403846153846154 0.06490384615384616
1 0.019230769230769232 0.71875 0.03365384615384615 0.09134615384615384