0 0.8786057692307693 0.8197115384615384 0.04326923076923077 0.09375
0 0.8461538461538461 0.7764423076923077 0.04567307692307692 0.07451923076923077
0 0.9399038461538461 0.75 0.04326923076923077 0.06971153846153846
0 0.9807692307692307 0.7415865384615384 0.03365384615384615 0.06490384615384616
1 0.7992788461538461 0.7067307692307693 0.021634615384615384 0.057692307692307696
1 0.7596153846153846 0.7151442307692307 0.028846153846153848 0.04326923076923077
1 0.6935096153846154 0.7127403846153846 0.03365384615384615 0.04567307692307692
1 0.6370192307692307 0.7211538461538461 0.038461538461538464 0.04326923076923077
1 0.5576923076923077 0.7223557692307693 0.040865384615384616 0.06490384615384616
1 0.4795673076923077 0.7283653846153846 0.038461538461538464 0.0625
1 0.4050480769230769 0.7439903846153846 0.04567307692307692 0.06490384615384616
1 0.3137019230769231 0.765625 0.04807692307692308 0.07692307692307693