0 0.9819711538461539 0.6730769230769231 0.02403846153846154 0.04807692307692308
0 0.9507211538461539 0.6814903846153846 0.02403846153846154 0.057692307692307696
0 0.9134615384615384 0.6850961538461539 0.03365384615384615 0.0625
0 0.8774038461538461 0.6983173076923077 0.03365384615384615 0.07211538461538461
0 0.8425480769230769 0.7103365384615384 0.03125 0.06490384615384616
0 0.7644230769230769 0.7463942307692307 0.05048076923076923 0.07451923076923077
1 0.8533653846153846 0.6478365384615384 0.019230769230769232 0.028846153846153848
1 0.8197115384615384 0.6466346153846154 0.016826923076923076 0.038461538461538464
1 0.765625 0.6622596153846154 0.01201923076923077 0.04326923076923077
1 0.7163461538461539 0.671875 0.016826923076923076 0.038461538461538464
1 0.6814903846153846 0.6838942307692307 0.03365384615384615 0.04807692307692308
1 0.6165865384615384 0.6802884615384616 0.03365384615384615 0.06009615384615385
1 0.5649038461538461 0.6899038461538461 0.036057692307692304 0.06009615384615385
1 0.47836538461538464 0.6995192307692307 0.05048076923076923 0.052884615384615384
1 0.41225961538461536 0.6995192307692307 0.038461538461538464 0.08173076923076923
1 0.3317307692307692 0.7223557692307693 0.04567307692307692 0.0673076923076923
1 0.24278846153846154 0.7427884615384616 0.052884615384615384 0.07692307692307693