0 0.6862980769230769 0.7716346153846154 0.06490384615384616 0.07692307692307693
0 0.9543269230769231 0.6899038461538461 0.021634615384615384 0.036057692307692304
0 0.8954326923076923 0.6995192307692307 0.014423076923076924 0.04326923076923077
0 0.8629807692307693 0.7055288461538461 0.028846153846153848 0.055288461538461536
0 0.8209134615384616 0.7223557692307693 0.036057692307692304 0.0625
0 0.7920673076923077 0.7307692307692307 0.03125 0.05048076923076923
0 0.7596153846153846 0.7379807692307693 0.03365384615384615 0.055288461538461536
0 0.7175480769230769 0.7379807692307693 0.028846153846153848 0.055288461538461536
1 0.7740384615384616 0.6754807692307693 0.021634615384615384 0.03365384615384615
1 0.7427884615384616 0.671875 0.014423076923076924 0.036057692307692304
1 0.6394230769230769 0.6971153846153846 0.014423076923076924 0.038461538461538464
1 0.6057692307692307 0.6995192307692307 0.021634615384615384 0.03365384615384615
1 0.5432692307692307 0.7091346153846154 0.026442307692307692 0.04807692307692308
1 0.4891826923076923 0.7127403846153846 0.028846153846153848 0.04807692307692308
1 0.41225961538461536 0.7199519230769231 0.03125 0.0673076923076923
1 0.3329326923076923 0.7211538461538461 0.03125 0.0625
1 0.25721153846153844 0.7487980769230769 0.038461538461538464 0.06490384615384616
1 0.16346153846153846 0.7740384615384616 0.05048076923076923 0.08173076923076923