0 0.9759615384615384 0.6634615384615384 0.016826923076923076 0.028846153846153848
0 0.9134615384615384 0.671875 0.019230769230769232 0.026442307692307692
0 0.8425480769230769 0.6658653846153846 0.016826923076923076 0.03125
0 0.7764423076923077 0.6766826923076923 0.02403846153846154 0.038461538461538464
0 0.7548076923076923 0.6814903846153846 0.019230769230769232 0.04326923076923077
0 0.7415865384615384 0.6887019230769231 0.014423076923076924 0.040865384615384616
0 0.7091346153846154 0.6923076923076923 0.03125 0.04807692307692308
0 0.6742788461538461 0.7091346153846154 0.03365384615384615 0.06009615384615385
0 0.640625 0.7199519230769231 0.036057692307692304 0.057692307692307696
0 0.5985576923076923 0.7199519230769231 0.03125 0.055288461538461536
0 0.5673076923076923 0.7608173076923077 0.04567307692307692 0.06009615384615385
1 0.6694711538461539 0.6574519230769231 0.014423076923076924 0.028846153846153848
1 0.6394230769230769 0.6598557692307693 0.019230769230769232 0.02403846153846154
1 0.8221153846153846 0.6538461538461539 0.007211538461538462 0.02403846153846154
1 0.4951923076923077 0.6850961538461539 0.028846153846153848 0.04567307692307692
1 0.5336538461538461 0.6802884615384616 0.014423076923076924 0.036057692307692304
1 0.4375 0.6947115384615384 0.026442307692307692 0.04326923076923077
1 0.38100961538461536 0.7007211538461539 0.03125 0.04326923076923077
1 0.30408653846153844 0.7091346153846154 0.026442307692307692 0.05048076923076923
1 0.21634615384615385 0.7163461538461539 0.038461538461538464 0.0625
1 0.125 0.7415865384615384 0.04326923076923077 0.06009615384615385
1 0.028846153846153848 0.7716346153846154 0.057692307692307696 0.08653846153846154