0 0.9399038461538461 0.6730769230769231 0.02403846153846154 0.038461538461538464
0 0.8689903846153846 0.671875 0.026442307692307692 0.038461538461538464
0 0.8149038461538461 0.6754807692307693 0.014423076923076924 0.03125
0 0.7403846153846154 0.6658653846153846 0.01201923076923077 0.026442307692307692
0 0.6574519230769231 0.6802884615384616 0.02403846153846154 0.04326923076923077
0 0.6153846153846154 0.6911057692307693 0.028846153846153848 0.06009615384615385
0 0.5793269230769231 0.6983173076923077 0.02403846153846154 0.04326923076923077
0 0.5480769230769231 0.7103365384615384 0.02403846153846154 0.05048076923076923
0 0.49759615384615385 0.7175480769230769 0.036057692307692304 0.0673076923076923
0 0.44350961538461536 0.75 0.02403846153846154 0.09134615384615384
0 0.48197115384615385 0.7704326923076923 0.021634615384615384 0.07451923076923077
1 0.7259615384615384 0.6574519230769231 0.014423076923076924 0.040865384615384616
1 0.5805288461538461 0.6514423076923077 0.016826923076923076 0.028846153846153848
1 0.5456730769230769 0.6574519230769231 0.016826923076923076 0.03125
1 0.4050480769230769 0.671875 0.02403846153846154 0.03365384615384615
1 0.33653846153846156 0.6899038461538461 0.03365384615384615 0.057692307692307696
1 0.27884615384615385 0.6935096153846154 0.038461538461538464 0.05048076923076923
1 0.19110576923076922 0.6971153846153846 0.03365384615384615 0.06009615384615385
1 0.019230769230769232 0.7283653846153846 0.03365384615384615 0.08413461538461539