0 0.9266826923076923 0.6526442307692307 0.02403846153846154 0.038461538461538464
0 0.8617788461538461 0.6514423076923077 0.021634615384615384 0.04326923076923077
0 0.8016826923076923 0.6538461538461539 0.028846153846153848 0.036057692307692304
0 0.7295673076923077 0.6502403846153846 0.02403846153846154 0.03125
0 0.6454326923076923 0.6658653846153846 0.03125 0.04567307692307692
0 0.5973557692307693 0.6862980769230769 0.021634615384615384 0.03125
0 0.5709134615384616 0.6947115384615384 0.021634615384615384 0.052884615384615384
0 0.5288461538461539 0.6971153846153846 0.03125 0.040865384615384616
0 0.48197115384615385 0.7175480769230769 0.040865384615384616 0.0673076923076923
0 0.44591346153846156 0.7560096153846154 0.052884615384615384 0.08173076923076923
1 0.5697115384615384 0.6502403846153846 0.014423076923076924 0.03365384615384615
1 0.5336538461538461 0.6466346153846154 0.019230769230769232 0.038461538461538464
1 0.45913461538461536 0.6598557692307693 0.014423076923076924 0.028846153846153848
1 0.4795673076923077 0.6586538461538461 0.01201923076923077 0.03125
1 0.38822115384615385 0.6826923076923077 0.03125 0.040865384615384616
1 0.31971153846153844 0.6935096153846154 0.028846153846153848 0.04326923076923077
1 0.25721153846153844 0.7067307692307693 0.02403846153846154 0.04326923076923077
1 0.16346153846153846 0.7115384615384616 0.02403846153846154 0.055288461538461536
1 0.07451923076923077 0.7079326923076923 0.036057692307692304 0.06490384615384616