0 0.9411057692307693 0.6598557692307693 0.016826923076923076 0.028846153846153848
0 0.8653846153846154 0.6574519230769231 0.019230769230769232 0.03125
0 0.7980769230769231 0.6706730769230769 0.019230769230769232 0.040865384615384616
0 0.7704326923076923 0.6838942307692307 0.028846153846153848 0.04326923076923077
0 0.7247596153846154 0.7043269230769231 0.03365384615384615 0.057692307692307696
0 0.6887019230769231 0.703125 0.03125 0.055288461538461536
0 0.6514423076923077 0.7139423076923077 0.036057692307692304 0.0673076923076923
0 0.6009615384615384 0.7235576923076923 0.04807692307692308 0.07451923076923077
0 0.5504807692307693 0.7788461538461539 0.055288461538461536 0.09615384615384616
1 0.6935096153846154 0.6538461538461539 0.021634615384615384 0.038461538461538464
1 0.8461538461538461 0.6478365384615384 0.01201923076923077 0.040865384615384616
1 0.6586538461538461 0.6502403846153846 0.021634615384615384 0.03365384615384615
1 0.5949519230769231 0.6622596153846154 0.016826923076923076 0.038461538461538464
1 0.5745192307692307 0.6670673076923077 0.014423076923076924 0.04326923076923077
1 0.5012019230769231 0.6790865384615384 0.028846153846153848 0.05048076923076923
1 0.4338942307692308 0.6862980769230769 0.03125 0.05048076923076923
1 0.3786057692307692 0.6983173076923077 0.036057692307692304 0.06009615384615385
1 0.28846153846153844 0.6995192307692307 0.03365384615384615 0.0625
1 0.19471153846153846 0.7067307692307693 0.02403846153846154 0.055288461538461536
1 0.09975961538461539 0.7307692307692307 0.04807692307692308 0.06490384615384616