0 0.984375 0.6802884615384616 0.026442307692307692 0.0625
1 0.9326923076923077 0.6634615384615384 0.026442307692307692 0.040865384615384616
1 0.8629807692307693 0.6550480769230769 0.014423076923076924 0.03365384615384615
1 0.8016826923076923 0.6598557692307693 0.019230769230769232 0.04807692307692308
1 0.6983173076923077 0.65625 0.016826923076923076 0.04326923076923077
1 0.7175480769230769 0.6682692307692307 0.019230769230769232 0.036057692307692304
1 0.7403846153846154 0.7163461538461539 0.036057692307692304 0.06490384615384616
1 0.6826923076923077 0.7295673076923077 0.036057692307692304 0.0673076923076923
1 0.6274038461538461 0.7295673076923077 0.05048076923076923 0.07211538461538461
1 0.5444711538461539 0.7536057692307693 0.052884615384615384 0.09134615384615384
1 0.45552884615384615 0.7463942307692307 0.06009615384615385 0.09134615384615384
1 0.40384615384615385 0.8052884615384616 0.07692307692307693 0.08173076923076923
1 0.3233173076923077 0.8834134615384616 0.08173076923076923 0.13701923076923078