0 0.9891826923076923 0.6802884615384616 0.016826923076923076 0.0625
0 0.9615384615384616 0.6646634615384616 0.03125 0.0625
1 0.9086538461538461 0.6574519230769231 0.026442307692307692 0.040865384615384616
1 0.8521634615384616 0.6538461538461539 0.02403846153846154 0.038461538461538464
1 0.7776442307692307 0.6526442307692307 0.019230769230769232 0.038461538461538464
1 0.6887019230769231 0.6610576923076923 0.03365384615384615 0.038461538461538464
1 0.7235576923076923 0.7127403846153846 0.028846153846153848 0.057692307692307696
1 0.6574519230769231 0.71875 0.04567307692307692 0.06490384615384616
1 0.6057692307692307 0.7295673076923077 0.052884615384615384 0.07692307692307693
1 0.515625 0.7403846153846154 0.052884615384615384 0.0889423076923077
1 0.4206730769230769 0.7536057692307693 0.06009615384615385 0.0889423076923077
1 0.3629807692307692 0.8197115384615384 0.07932692307692307 0.11778846153846154
1 0.2620192307692308 0.9086538461538461 0.10576923076923077 0.13701923076923078