0 0.9855769230769231 0.6850961538461539 0.02403846153846154 0.052884615384615384
0 0.9519230769230769 0.6742788461538461 0.028846153846153848 0.055288461538461536
1 0.8954326923076923 0.6574519230769231 0.02403846153846154 0.04326923076923077
1 0.8317307692307693 0.6538461538461539 0.021634615384615384 0.05048076923076923
1 0.7620192307692307 0.6514423076923077 0.02403846153846154 0.040865384615384616
1 0.6694711538461539 0.6634615384615384 0.036057692307692304 0.052884615384615384
1 0.7451923076923077 0.6850961538461539 0.021634615384615384 0.052884615384615384
1 0.7079326923076923 0.7139423076923077 0.038461538461538464 0.0673076923076923
1 0.6382211538461539 0.7223557692307693 0.036057692307692304 0.040865384615384616
1 0.5793269230769231 0.7403846153846154 0.04567307692307692 0.06490384615384616
1 0.48197115384615385 0.7512019230769231 0.04326923076923077 0.06971153846153846
1 0.37259615384615385 0.7632211538461539 0.057692307692307696 0.08173076923076923
1 0.3004807692307692 0.8533653846153846 0.08173076923076923 0.12740384615384615
1 0.13822115384615385 0.9435096153846154 0.14903846153846154 0.08173076923076923