0 0.9831730769230769 0.6826923076923077 0.028846153846153848 0.057692307692307696
0 0.9447115384615384 0.6754807692307693 0.03125 0.057692307692307696
1 0.8894230769230769 0.6550480769230769 0.028846153846153848 0.04326923076923077
1 0.8245192307692307 0.6502403846153846 0.019230769230769232 0.05048076923076923
1 0.7524038461538461 0.6514423076923077 0.019230769230769232 0.03365384615384615
1 0.6634615384615384 0.6622596153846154 0.03125 0.055288461538461536
1 0.7331730769230769 0.6911057692307693 0.02403846153846154 0.0625
1 0.6923076923076923 0.7223557692307693 0.040865384615384616 0.06490384615384616
1 0.6237980769230769 0.7295673076923077 0.04807692307692308 0.08173076923076923
1 0.5612980769230769 0.7379807692307693 0.04807692307692308 0.06971153846153846
1 0.453125 0.7608173076923077 0.057692307692307696 0.09134615384615384
1 0.3317307692307692 0.7728365384615384 0.07211538461538461 0.10096153846153846
1 0.2247596153846154 0.8822115384615384 0.11298076923076923 0.12980769230769232