0 0.9855769230769231 0.6706730769230769 0.02403846153846154 0.0673076923076923
0 0.9471153846153846 0.6610576923076923 0.028846153846153848 0.05048076923076923
1 0.8894230769230769 0.6538461538461539 0.028846153846153848 0.04567307692307692
1 0.8257211538461539 0.6478365384615384 0.021634615384615384 0.05048076923076923
1 0.7560096153846154 0.6466346153846154 0.02403846153846154 0.04326923076923077
1 0.6622596153846154 0.6574519230769231 0.026442307692307692 0.040865384615384616
1 0.7355769230769231 0.6802884615384616 0.021634615384615384 0.06009615384615385
1 0.6935096153846154 0.7151442307692307 0.036057692307692304 0.07451923076923077
1 0.6262019230769231 0.7295673076923077 0.04567307692307692 0.07451923076923077
1 0.5576923076923077 0.7439903846153846 0.05048076923076923 0.08173076923076923
1 0.4483173076923077 0.7584134615384616 0.0625 0.09375
1 0.32211538461538464 0.78125 0.07692307692307693 0.10576923076923077
1 0.21153846153846154 0.8870192307692307 0.11538461538461539 0.13942307692307693