0 0.9711538461538461 0.6899038461538461 0.036057692307692304 0.0673076923076923
0 0.9278846153846154 0.6766826923076923 0.028846153846153848 0.0673076923076923
1 0.8689903846153846 0.6574519230769231 0.028846153846153848 0.052884615384615384
1 0.8052884615384616 0.6490384615384616 0.028846153846153848 0.038461538461538464
1 0.6370192307692307 0.6694711538461539 0.03365384615384615 0.04326923076923077
1 0.7319711538461539 0.6514423076923077 0.021634615384615384 0.03125
1 0.6658653846153846 0.7259615384615384 0.04326923076923077 0.0673076923076923
1 0.59375 0.7451923076923077 0.04567307692307692 0.08173076923076923
1 0.5240384615384616 0.7608173076923077 0.052884615384615384 0.08653846153846154
1 0.40625 0.7728365384615384 0.0673076923076923 0.08653846153846154
1 0.265625 0.7956730769230769 0.08413461538461539 0.11778846153846154
1 0.12379807692307693 0.9254807692307693 0.13701923076923078 0.14423076923076922