0 0.9903846153846154 0.6899038461538461 0.014423076923076924 0.0625
0 0.9615384615384616 0.6802884615384616 0.038461538461538464 0.0673076923076923
0 0.9158653846153846 0.6670673076923077 0.036057692307692304 0.057692307692307696
1 0.8617788461538461 0.6490384615384616 0.028846153846153848 0.04326923076923077
1 0.7944711538461539 0.6466346153846154 0.021634615384615384 0.04326923076923077
1 0.71875 0.6442307692307693 0.02403846153846154 0.04807692307692308
1 0.6286057692307693 0.6574519230769231 0.03125 0.04326923076923077
1 0.6574519230769231 0.7283653846153846 0.04807692307692308 0.0889423076923077
1 0.6983173076923077 0.6850961538461539 0.02403846153846154 0.05048076923076923
1 0.5817307692307693 0.734375 0.04807692307692308 0.08653846153846154
1 0.5096153846153846 0.7463942307692307 0.0673076923076923 0.0985576923076923
1 0.3942307692307692 0.765625 0.07451923076923077 0.09134615384615384
1 0.2439903846153846 0.7848557692307693 0.07451923076923077 0.12259615384615384
1 0.09615384615384616 0.9182692307692307 0.13942307692307693 0.15865384615384615