0 0.9855769230769231 0.6995192307692307 0.02403846153846154 0.0625
0 0.9471153846153846 0.6971153846153846 0.040865384615384616 0.0673076923076923
0 0.9086538461538461 0.6838942307692307 0.026442307692307692 0.055288461538461536
1 0.8461538461538461 0.6682692307692307 0.028846153846153848 0.04326923076923077
1 0.7848557692307693 0.6586538461538461 0.019230769230769232 0.04326923076923077
1 0.7115384615384616 0.6598557692307693 0.028846153846153848 0.05048076923076923
1 0.6862980769230769 0.6983173076923077 0.02403846153846154 0.0625
1 0.6177884615384616 0.6802884615384616 0.026442307692307692 0.04807692307692308
1 0.6430288461538461 0.7487980769230769 0.04567307692307692 0.06971153846153846
1 0.5745192307692307 0.7463942307692307 0.05048076923076923 0.0985576923076923
1 0.5024038461538461 0.7596153846153846 0.04807692307692308 0.09134615384615384
1 0.37259615384615385 0.7848557692307693 0.055288461538461536 0.09615384615384616
1 0.2283653846153846 0.8149038461538461 0.08413461538461539 0.11298076923076923
1 0.07091346153846154 0.9314903846153846 0.13701923076923078 0.13221153846153846