0 0.9819711538461539 0.6923076923076923 0.03125 0.0625
0 0.9387019230769231 0.6814903846153846 0.040865384615384616 0.07211538461538461
0 0.8942307692307693 0.6742788461538461 0.03125 0.057692307692307696
1 0.8425480769230769 0.6586538461538461 0.03125 0.04326923076923077
1 0.7788461538461539 0.6502403846153846 0.02403846153846154 0.040865384615384616
1 0.7091346153846154 0.6586538461538461 0.038461538461538464 0.0625
1 0.6057692307692307 0.6658653846153846 0.036057692307692304 0.040865384615384616
1 0.6790865384615384 0.6862980769230769 0.021634615384615384 0.0625
1 0.6382211538461539 0.7247596153846154 0.040865384615384616 0.07932692307692307
1 0.5625 0.7439903846153846 0.052884615384615384 0.08173076923076923
1 0.49038461538461536 0.7536057692307693 0.057692307692307696 0.08653846153846154
1 0.36538461538461536 0.7728365384615384 0.07692307692307693 0.09134615384615384
1 0.21634615384615385 0.8064903846153846 0.08653846153846154 0.11778846153846154
1 0.06009615384615385 0.9242788461538461 0.1201923076923077 0.14423076923076922