0 0.9723557692307693 0.6838942307692307 0.016826923076923076 0.05048076923076923
0 0.9423076923076923 0.6850961538461539 0.03365384615384615 0.05048076923076923
0 0.8966346153846154 0.6778846153846154 0.028846153846153848 0.06490384615384616
1 0.8389423076923077 0.6574519230769231 0.03125 0.04567307692307692
1 0.7764423076923077 0.6526442307692307 0.021634615384615384 0.055288461538461536
1 0.6983173076923077 0.6550480769230769 0.026442307692307692 0.04326923076923077
1 0.609375 0.671875 0.026442307692307692 0.04326923076923077
1 0.6766826923076923 0.6935096153846154 0.026442307692307692 0.055288461538461536
1 0.6310096153846154 0.7331730769230769 0.04326923076923077 0.0625
1 0.5552884615384616 0.7403846153846154 0.04567307692307692 0.07451923076923077
1 0.48677884615384615 0.7620192307692307 0.0625 0.09615384615384616
1 0.359375 0.7776442307692307 0.0625 0.10096153846153846
1 0.20793269230769232 0.8076923076923077 0.09134615384615384 0.13221153846153846
1 0.05048076923076923 0.9266826923076923 0.10096153846153846 0.13942307692307693