0 0.9387019230769231 0.6935096153846154 0.03365384615384615 0.0673076923076923
0 0.9711538461538461 0.7007211538461539 0.026442307692307692 0.06490384615384616
0 0.8954326923076923 0.6754807692307693 0.03365384615384615 0.05048076923076923
1 0.8377403846153846 0.6550480769230769 0.028846153846153848 0.05048076923076923
1 0.7728365384615384 0.65625 0.02403846153846154 0.04567307692307692
1 0.7019230769230769 0.6574519230769231 0.019230769230769232 0.040865384615384616
1 0.6021634615384616 0.6682692307692307 0.028846153846153848 0.057692307692307696
1 0.6790865384615384 0.6959134615384616 0.021634615384615384 0.06971153846153846
1 0.6346153846153846 0.734375 0.04807692307692308 0.07451923076923077
1 0.5552884615384616 0.7487980769230769 0.052884615384615384 0.09375
1 0.48197115384615385 0.7620192307692307 0.057692307692307696 0.10336538461538461
1 0.3605769230769231 0.7836538461538461 0.06971153846153846 0.10576923076923077
1 0.20192307692307693 0.8028846153846154 0.0889423076923077 0.12740384615384615
1 0.054086538461538464 0.921875 0.10817307692307693 0.14903846153846154