0 0.9699519230769231 0.6923076923076923 0.014423076923076924 0.05048076923076923
0 0.9350961538461539 0.6899038461538461 0.03365384615384615 0.06490384615384616
0 0.8978365384615384 0.6754807692307693 0.03125 0.055288461538461536
1 0.8413461538461539 0.65625 0.021634615384615384 0.04567307692307692
1 0.7752403846153846 0.6478365384615384 0.021634615384615384 0.028846153846153848
1 0.6778846153846154 0.6899038461538461 0.016826923076923076 0.0625
1 0.7019230769230769 0.6490384615384616 0.016826923076923076 0.03125
1 0.6009615384615384 0.6682692307692307 0.038461538461538464 0.04326923076923077
1 0.6286057692307693 0.7379807692307693 0.038461538461538464 0.0673076923076923
1 0.5552884615384616 0.7487980769230769 0.04567307692307692 0.08653846153846154
1 0.4831730769230769 0.7572115384615384 0.0625 0.08653846153846154
1 0.3557692307692308 0.7824519230769231 0.06009615384615385 0.10336538461538461
1 0.20432692307692307 0.8028846153846154 0.0889423076923077 0.10817307692307693
1 0.046875 0.9254807692307693 0.09134615384615384 0.13221153846153846