0 0.9819711538461539 0.6766826923076923 0.03125 0.04567307692307692
0 0.9326923076923077 0.6778846153846154 0.040865384615384616 0.06971153846153846
1 0.875 0.6574519230769231 0.026442307692307692 0.040865384615384616
1 0.8125 0.6538461538461539 0.021634615384615384 0.05048076923076923
1 0.7391826923076923 0.6586538461538461 0.021634615384615384 0.040865384615384616
1 0.7103365384615384 0.6983173076923077 0.02403846153846154 0.06009615384615385
1 0.6670673076923077 0.7379807692307693 0.038461538461538464 0.06490384615384616
1 0.6442307692307693 0.6670673076923077 0.028846153846153848 0.052884615384615384
1 0.5865384615384616 0.7475961538461539 0.052884615384615384 0.07451923076923077
1 0.5120192307692307 0.7632211538461539 0.055288461538461536 0.07932692307692307
1 0.38461538461538464 0.7752403846153846 0.07692307692307693 0.09375
1 0.22596153846153846 0.8064903846153846 0.0889423076923077 0.11778846153846154
1 0.056490384615384616 0.9447115384615384 0.11298076923076923 0.10576923076923077