0 0.9867788461538461 0.6850961538461539 0.021634615384615384 0.07211538461538461
1 0.9278846153846154 0.6670673076923077 0.03365384615384615 0.05048076923076923
1 0.859375 0.6646634615384616 0.019230769230769232 0.04326923076923077
1 0.7824519230769231 0.6634615384615384 0.028846153846153848 0.040865384615384616
1 0.6899038461538461 0.6814903846153846 0.028846153846153848 0.03365384615384615
1 0.7524038461538461 0.7091346153846154 0.019230769230769232 0.057692307692307696
1 0.7127403846153846 0.7487980769230769 0.04807692307692308 0.08173076923076923
1 0.6346153846153846 0.7596153846153846 0.05048076923076923 0.08413461538461539
1 0.5612980769230769 0.7716346153846154 0.055288461538461536 0.0889423076923077
1 0.43028846153846156 0.7884615384615384 0.07211538461538461 0.10336538461538461
1 0.2692307692307692 0.8197115384615384 0.07692307692307693 0.12259615384615384
1 0.08413461538461539 0.9375 0.16105769230769232 0.1201923076923077