1 0.9627403846153846 0.6730769230769231 0.03365384615384615 0.055288461538461536
1 0.6995192307692307 0.6730769230769231 0.009615384615384616 0.038461538461538464
1 0.7199519230769231 0.6947115384615384 0.02403846153846154 0.04326923076923077
1 0.7992788461538461 0.7223557692307693 0.021634615384615384 0.052884615384615384
1 0.8185096153846154 0.6754807692307693 0.016826923076923076 0.040865384615384616
1 0.8990384615384616 0.6778846153846154 0.026442307692307692 0.04807692307692308
1 0.7536057692307693 0.7512019230769231 0.04326923076923077 0.08413461538461539
1 0.6670673076923077 0.7644230769230769 0.026442307692307692 0.08413461538461539
1 0.5889423076923077 0.7920673076923077 0.0625 0.10576923076923077
1 0.46033653846153844 0.8004807692307693 0.06009615384615385 0.09375
1 0.3016826923076923 0.8329326923076923 0.08413461538461539 0.12980769230769232
1 0.10096153846153846 0.9543269230769231 0.1346153846153846 0.07932692307692307