1 0.9867788461538461 0.6610576923076923 0.021634615384615384 0.0625
1 0.9194711538461539 0.6634615384615384 0.02403846153846154 0.04326923076923077
1 0.84375 0.6634615384615384 0.02403846153846154 0.040865384615384616
1 0.7331730769230769 0.6706730769230769 0.03365384615384615 0.055288461538461536
1 0.8233173076923077 0.7103365384615384 0.016826923076923076 0.06490384615384616
1 0.7740384615384616 0.7463942307692307 0.04807692307692308 0.08413461538461539
1 0.6947115384615384 0.7560096153846154 0.05048076923076923 0.08173076923076923
1 0.6129807692307693 0.7848557692307693 0.055288461538461536 0.0889423076923077
1 0.47836538461538464 0.796875 0.06490384615384616 0.10336538461538461
1 0.3112980769230769 0.8293269230769231 0.08653846153846154 0.11778846153846154
1 0.10336538461538461 0.9519230769230769 0.13942307692307693 0.09134615384615384