0 0.9819711538461539 0.6947115384615384 0.03125 0.0673076923076923
1 0.9098557692307693 0.671875 0.026442307692307692 0.04807692307692308
1 0.8413461538461539 0.6658653846153846 0.03365384615384615 0.0625
1 0.7644230769230769 0.6658653846153846 0.019230769230769232 0.04567307692307692
1 0.6430288461538461 0.671875 0.016826923076923076 0.04807692307692308
1 0.6694711538461539 0.6850961538461539 0.026442307692307692 0.0625
1 0.7067307692307693 0.7680288461538461 0.057692307692307696 0.09375
1 0.6201923076923077 0.7836538461538461 0.04807692307692308 0.08653846153846154
1 0.5336538461538461 0.8100961538461539 0.07692307692307693 0.10336538461538461
1 0.38221153846153844 0.8329326923076923 0.07932692307692307 0.12259615384615384
1 0.17908653846153846 0.8786057692307693 0.11778846153846154 0.1346153846153846