0 0.953125 0.6899038461538461 0.036057692307692304 0.06009615384615385
1 0.8713942307692307 0.671875 0.028846153846153848 0.05048076923076923
1 0.7980769230769231 0.6682692307692307 0.028846153846153848 0.04326923076923077
1 0.7271634615384616 0.6706730769230769 0.02403846153846154 0.04326923076923077
1 0.6262019230769231 0.6935096153846154 0.03125 0.05048076923076923
1 0.671875 0.7848557692307693 0.06009615384615385 0.10817307692307693
1 0.5841346153846154 0.7872596153846154 0.055288461538461536 0.09615384615384616
1 0.49158653846153844 0.8365384615384616 0.07692307692307693 0.12980769230769232
1 0.3125 0.8665865384615384 0.10336538461538461 0.13701923076923078
1 0.6923076923076923 0.6911057692307693 0.04807692307692308 0.052884615384615384
1 0.0673076923076923 0.9110576923076923 0.09615384615384616 0.14423076923076922