1 0.671875 0.6923076923076923 0.036057692307692304 0.04326923076923077
1 0.6262019230769231 0.6911057692307693 0.026442307692307692 0.05048076923076923
1 0.6033653846153846 0.6706730769230769 0.02403846153846154 0.04567307692307692
1 0.6670673076923077 0.6622596153846154 0.03125 0.03125
1 0.7271634615384616 0.6598557692307693 0.009615384615384616 0.03365384615384615
1 0.8016826923076923 0.6574519230769231 0.026442307692307692 0.04567307692307692
1 0.875 0.6574519230769231 0.036057692307692304 0.04326923076923077
1 0.6766826923076923 0.7776442307692307 0.06971153846153846 0.09615384615384616
1 0.5757211538461539 0.8076923076923077 0.06009615384615385 0.10576923076923077
1 0.47596153846153844 0.8497596153846154 0.07451923076923077 0.12980769230769232
1 0.23918269230769232 0.9122596153846154 0.12259615384615384 0.16346153846153846
0 0.96875 0.6814903846153846 0.03125 0.0673076923076923