0 0.9831730769230769 0.8040865384615384 0.028846153846153848 0.11298076923076923
0 0.9435096153846154 0.7572115384615384 0.04567307692307692 0.07932692307692307
0 0.8605769230769231 0.7295673076923077 0.04567307692307692 0.08653846153846154
0 0.7908653846153846 0.7283653846153846 0.04807692307692308 0.07211538461538461
0 0.7211538461538461 0.7019230769230769 0.040865384615384616 0.07692307692307693
0 0.984375 0.6887019230769231 0.026442307692307692 0.055288461538461536
0 0.7788461538461539 0.6790865384615384 0.03125 0.021634615384615384
1 0.796875 0.6598557692307693 0.02403846153846154 0.03365384615384615
1 0.6862980769230769 0.6670673076923077 0.014423076923076924 0.038461538461538464
1 0.6237980769230769 0.6730769230769231 0.028846153846153848 0.036057692307692304
1 0.5516826923076923 0.6670673076923077 0.02403846153846154 0.04807692307692308
1 0.3233173076923077 0.6862980769230769 0.014423076923076924 0.04807692307692308
1 0.34975961538461536 0.7115384615384616 0.03125 0.06009615384615385
1 0.40865384615384615 0.6574519230769231 0.02403846153846154 0.03365384615384615
1 0.4050480769230769 0.7247596153846154 0.040865384615384616 0.0625
1 0.4014423076923077 0.8653846153846154 0.10096153846153846 0.16346153846153846
1 0.234375 0.9206730769230769 0.1201923076923077 0.14903846153846154