1 0.9627403846153846 0.8425480769230769 0.06971153846153846 0.13221153846153846
1 0.7055288461538461 0.9002403846153846 0.08653846153846154 0.14423076923076922
1 0.36899038461538464 0.9206730769230769 0.07451923076923077 0.12259615384615384
1 0.15865384615384615 0.8581730769230769 0.09134615384615384 0.14423076923076922
1 0.02283653846153846 0.7247596153846154 0.04567307692307692 0.12259615384615384
0 0.06971153846153846 0.22596153846153846 0.05048076923076923 0.10096153846153846
0 0.17307692307692307 0.24879807692307693 0.040865384615384616 0.10096153846153846
0 0.2932692307692308 0.2692307692307692 0.04567307692307692 0.08653846153846154
0 0.40865384615384615 0.28725961538461536 0.038461538461538464 0.08653846153846154
0 0.6021634615384616 0.27884615384615385 0.036057692307692304 0.0889423076923077
0 0.7560096153846154 0.25 0.057692307692307696 0.08653846153846154