1 0.0673076923076923 0.7235576923076923 0.08653846153846154 0.13701923076923078
1 0.21634615384615385 0.8449519230769231 0.0889423076923077 0.13701923076923078
1 0.421875 0.9278846153846154 0.08413461538461539 0.13701923076923078
1 0.7560096153846154 0.9074519230769231 0.08413461538461539 0.14182692307692307
0 0.8004807692307693 0.2403846153846154 0.04567307692307692 0.09134615384615384
0 0.6454326923076923 0.2800480769230769 0.04567307692307692 0.10817307692307693
0 0.4519230769230769 0.2824519230769231 0.04807692307692308 0.09375
0 0.34375 0.27163461538461536 0.052884615384615384 0.08413461538461539
0 0.2247596153846154 0.24879807692307693 0.05048076923076923 0.09615384615384616
0 0.11899038461538461 0.22235576923076922 0.06009615384615385 0.10336538461538461
0 0.021634615384615384 0.2127403846153846 0.04326923076923077 0.09615384615384616