0 0.8161057692307693 0.24759615384615385 0.04326923076923077 0.08173076923076923
0 0.6646634615384616 0.2848557692307692 0.052884615384615384 0.11298076923076923
0 0.47115384615384615 0.27884615384615385 0.057692307692307696 0.09375
0 0.3557692307692308 0.265625 0.038461538461538464 0.09134615384615384
0 0.23918269230769232 0.24519230769230768 0.04807692307692308 0.07932692307692307
0 0.13701923076923078 0.21634615384615385 0.06009615384615385 0.09134615384615384
0 0.03485576923076923 0.1935096153846154 0.05048076923076923 0.07692307692307693
1 0.08653846153846154 0.7199519230769231 0.07451923076923077 0.15384615384615385
1 0.23677884615384615 0.8293269230769231 0.09375 0.14903846153846154
1 0.44350961538461536 0.9182692307692307 0.08653846153846154 0.15625
1 0.7692307692307693 0.9002403846153846 0.09134615384615384 0.15865384615384615