1 0.7944711538461539 0.90625 0.09615384615384616 0.14423076923076922
1 0.46274038461538464 0.9254807692307693 0.0889423076923077 0.14182692307692307
1 0.25600961538461536 0.8269230769230769 0.08173076923076923 0.11057692307692307
1 0.1045673076923077 0.7079326923076923 0.0673076923076923 0.14423076923076922
0 0.057692307692307696 0.19110576923076922 0.052884615384615384 0.07932692307692307
0 0.16466346153846154 0.21153846153846154 0.04807692307692308 0.10096153846153846
0 0.2620192307692308 0.24278846153846154 0.055288461538461536 0.09615384615384616
0 0.38341346153846156 0.2620192307692308 0.040865384615384616 0.08653846153846154
0 0.49278846153846156 0.27884615384615385 0.04807692307692308 0.08653846153846154
0 0.6887019230769231 0.2824519230769231 0.04807692307692308 0.08653846153846154
0 0.8401442307692307 0.25 0.04326923076923077 0.07451923076923077