0 0.8641826923076923 0.25721153846153844 0.05048076923076923 0.09375
0 0.7091346153846154 0.2824519230769231 0.04326923076923077 0.0889423076923077
0 0.5084134615384616 0.28125 0.04807692307692308 0.08653846153846154
0 0.4026442307692308 0.2620192307692308 0.036057692307692304 0.08653846153846154
0 0.2824519230769231 0.24158653846153846 0.04326923076923077 0.08653846153846154
0 0.18629807692307693 0.20072115384615385 0.040865384615384616 0.07451923076923077
0 0.0829326923076923 0.18509615384615385 0.04326923076923077 0.07451923076923077
1 0.02283653846153846 0.6189903846153846 0.04567307692307692 0.11778846153846154
1 0.12980769230769232 0.6911057692307693 0.07211538461538461 0.12740384615384615
1 0.2776442307692308 0.8293269230769231 0.0985576923076923 0.1466346153846154
1 0.484375 0.9158653846153846 0.0889423076923077 0.13701923076923078
1 0.8112980769230769 0.921875 0.07932692307692307 0.14903846153846154