0 0.021634615384615384 0.16466346153846154 0.04326923076923077 0.06490384615384616
0 0.1045673076923077 0.18028846153846154 0.052884615384615384 0.07211538461538461
0 0.21394230769230768 0.19831730769230768 0.04807692307692308 0.07932692307692307
0 0.30528846153846156 0.2247596153846154 0.04807692307692308 0.07692307692307693
0 0.42788461538461536 0.25240384615384615 0.03125 0.057692307692307696
0 0.5348557692307693 0.2776442307692308 0.052884615384615384 0.10576923076923077
0 0.7379807692307693 0.28966346153846156 0.05048076923076923 0.08413461538461539
0 0.8894230769230769 0.25841346153846156 0.04807692307692308 0.057692307692307696
1 0.03485576923076923 0.5925480769230769 0.06971153846153846 0.12980769230769232
1 0.15144230769230768 0.6754807692307693 0.07932692307692307 0.1201923076923077
1 0.2980769230769231 0.8064903846153846 0.09134615384615384 0.14182692307692307
1 0.49759615384615385 0.9134615384615384 0.0985576923076923 0.14903846153846154
1 0.8377403846153846 0.921875 0.0985576923076923 0.15144230769230768