1 0.06370192307692307 0.5829326923076923 0.06490384615384616 0.1201923076923077
1 0.17548076923076922 0.6766826923076923 0.07692307692307693 0.12980769230769232
1 0.31490384615384615 0.8016826923076923 0.07211538461538461 0.14182692307692307
1 0.5204326923076923 0.9122596153846154 0.0889423076923077 0.15384615384615385
1 0.8497596153846154 0.9278846153846154 0.07451923076923077 0.13701923076923078
0 0.04567307692307692 0.1502403846153846 0.04807692307692308 0.0889423076923077
0 0.13341346153846154 0.1622596153846154 0.04567307692307692 0.0889423076923077
0 0.23557692307692307 0.19591346153846154 0.04567307692307692 0.10576923076923077
0 0.3329326923076923 0.21875 0.036057692307692304 0.09134615384615384
0 0.453125 0.25240384615384615 0.03125 0.09134615384615384
0 0.5600961538461539 0.2692307692307692 0.03365384615384615 0.0889423076923077
0 0.7596153846153846 0.296875 0.055288461538461536 0.09615384615384616
0 0.9134615384615384 0.2692307692307692 0.055288461538461536 0.09134615384615384