0 0.9350961538461539 0.2860576923076923 0.04807692307692308 0.0889423076923077
0 0.7728365384615384 0.296875 0.04567307692307692 0.09375
0 0.5709134615384616 0.2776442307692308 0.036057692307692304 0.06971153846153846
0 0.47115384615384615 0.2536057692307692 0.028846153846153848 0.07932692307692307
0 0.3449519230769231 0.21514423076923078 0.04567307692307692 0.09375
0 0.25240384615384615 0.1814903846153846 0.04807692307692308 0.08653846153846154
0 0.15504807692307693 0.15384615384615385 0.04326923076923077 0.07932692307692307
0 0.06850961538461539 0.13701923076923078 0.038461538461538464 0.08653846153846154
0 0.009615384615384616 0.11778846153846154 0.019230769230769232 0.07451923076923077
1 0.07451923076923077 0.5697115384615384 0.07211538461538461 0.11057692307692307
1 0.19471153846153846 0.6610576923076923 0.07451923076923077 0.12259615384615384
1 0.328125 0.7980769230769231 0.09375 0.13701923076923078
1 0.5300480769230769 0.9206730769230769 0.0985576923076923 0.15384615384615385
1 0.8677884615384616 0.9302884615384616 0.10336538461538461 0.11778846153846154