1 0.9242788461538461 0.9350961538461539 0.0985576923076923 0.125
1 0.5817307692307693 0.9158653846153846 0.07692307692307693 0.14182692307692307
1 0.38100961538461536 0.7872596153846154 0.06490384615384616 0.13221153846153846
1 0.2439903846153846 0.6430288461538461 0.0673076923076923 0.11057692307692307
1 0.13701923076923078 0.5456730769230769 0.052884615384615384 0.09375
1 0.04326923076923077 0.4639423076923077 0.06971153846153846 0.1201923076923077
0 0.06490384615384616 0.11057692307692307 0.040865384615384616 0.0673076923076923
0 0.12740384615384615 0.13581730769230768 0.040865384615384616 0.07932692307692307
0 0.21394230769230768 0.15264423076923078 0.04807692307692308 0.07211538461538461
0 0.3088942307692308 0.17908653846153846 0.04567307692307692 0.09134615384615384
0 0.4050480769230769 0.2091346153846154 0.04567307692307692 0.09134615384615384
0 0.5300480769230769 0.24879807692307693 0.019230769230769232 0.07692307692307693
0 0.6274038461538461 0.2800480769230769 0.04807692307692308 0.08653846153846154
0 0.8293269230769231 0.3016826923076923 0.04567307692307692 0.10096153846153846
0 0.9867788461538461 0.28125 0.021634615384615384 0.08653846153846154