1 0.05889423076923077 0.46274038461538464 0.07451923076923077 0.1201923076923077
1 0.15625 0.5552884615384616 0.057692307692307696 0.11298076923076923
1 0.2668269230769231 0.6526442307692307 0.07451923076923077 0.12980769230769232
1 0.40865384615384615 0.8004807692307693 0.09375 0.16826923076923078
1 0.609375 0.921875 0.09375 0.14903846153846154
1 0.9399038461538461 0.9459134615384616 0.07932692307692307 0.10336538461538461
0 0.8473557692307693 0.3016826923076923 0.05048076923076923 0.10096153846153846
0 0.640625 0.27884615384615385 0.04567307692307692 0.08653846153846154
0 0.5528846153846154 0.25600961538461536 0.026442307692307692 0.07692307692307693
0 0.4182692307692308 0.21875 0.036057692307692304 0.07692307692307693
0 0.328125 0.1814903846153846 0.036057692307692304 0.07211538461538461
0 0.22956730769230768 0.15264423076923078 0.028846153846153848 0.0625
0 0.15264423076923078 0.13221153846153846 0.038461538461538464 0.06490384615384616
0 0.08533653846153846 0.11298076923076923 0.040865384615384616 0.05048076923076923