0 0.11298076923076923 0.1141826923076923 0.05048076923076923 0.06971153846153846
0 0.17668269230769232 0.14543269230769232 0.052884615384615384 0.0673076923076923
0 0.2512019230769231 0.15745192307692307 0.04326923076923077 0.0673076923076923
0 0.3485576923076923 0.18990384615384615 0.052884615384615384 0.09375
0 0.4387019230769231 0.22956730769230768 0.04807692307692308 0.07451923076923077
0 0.5733173076923077 0.25721153846153844 0.038461538461538464 0.06490384615384616
0 0.6610576923076923 0.29086538461538464 0.057692307692307696 0.09375
0 0.8713942307692307 0.31971153846153844 0.06009615384615385 0.10336538461538461
1 0.9603365384615384 0.9579326923076923 0.07451923076923077 0.07932692307692307
1 0.6153846153846154 0.9230769230769231 0.09134615384615384 0.14903846153846154
1 0.4206730769230769 0.7884615384615384 0.0625 0.12980769230769232
1 0.28125 0.6574519230769231 0.07692307692307693 0.11538461538461539
1 0.17427884615384615 0.5600961538461539 0.06009615384615385 0.09615384615384616
1 0.08052884615384616 0.4579326923076923 0.06490384615384616 0.09375