1 0.01201923076923077 0.43028846153846156 0.02403846153846154 0.0985576923076923
1 0.09975961538461539 0.47836538461538464 0.06009615384615385 0.0985576923076923
1 0.19471153846153846 0.578125 0.09375 0.1201923076923077
1 0.29927884615384615 0.6730769230769231 0.08173076923076923 0.12259615384615384
1 0.4375 0.8125 0.09134615384615384 0.14423076923076922
1 0.6358173076923077 0.9375 0.09375 0.1201923076923077
1 0.9699519230769231 0.9723557692307693 0.055288461538461536 0.04807692307692308
0 0.8870192307692307 0.35216346153846156 0.06009615384615385 0.10096153846153846
0 0.6778846153846154 0.3137019230769231 0.05048076923076923 0.09134615384615384
0 0.4543269230769231 0.2439903846153846 0.04567307692307692 0.07692307692307693
0 0.5829326923076923 0.28725961538461536 0.014423076923076924 0.052884615384615384
0 0.27884615384615385 0.1778846153846154 0.057692307692307696 0.0889423076923077
0 0.3641826923076923 0.21995192307692307 0.038461538461538464 0.08653846153846154
0 0.18990384615384615 0.1622596153846154 0.04326923076923077 0.07692307692307693
0 0.125 0.12740384615384615 0.040865384615384616 0.057692307692307696
0 0.021634615384615384 0.10576923076923077 0.03365384615384615 0.06971153846153846