0 0.042067307692307696 0.12259615384615384 0.04567307692307692 0.07692307692307693
0 0.15144230769230768 0.15144230769230768 0.040865384615384616 0.08173076923076923
0 0.21634615384615385 0.17668269230769232 0.04807692307692308 0.07451923076923077
0 0.2956730769230769 0.19471153846153846 0.04326923076923077 0.07211538461538461
0 0.38341346153846156 0.2283653846153846 0.052884615384615384 0.0889423076923077
0 0.47475961538461536 0.265625 0.052884615384615384 0.08173076923076923
0 0.6971153846153846 0.3401442307692308 0.04326923076923077 0.07692307692307693
0 0.9098557692307693 0.38100961538461536 0.057692307692307696 0.11298076923076923
1 0.021634615384615384 0.4375 0.04326923076923077 0.08653846153846154
1 0.1201923076923077 0.484375 0.0625 0.08173076923076923
1 0.20793269230769232 0.5817307692307693 0.0625 0.08653846153846154
1 0.32091346153846156 0.6838942307692307 0.057692307692307696 0.10096153846153846
1 0.45072115384615385 0.8473557692307693 0.08653846153846154 0.12259615384615384
1 0.6490384615384616 0.9495192307692307 0.0673076923076923 0.08413461538461539