1 0.039663461538461536 0.4543269230769231 0.055288461538461536 0.08413461538461539
1 0.1502403846153846 0.49278846153846156 0.06009615384615385 0.0985576923076923
1 0.23197115384615385 0.6057692307692307 0.057692307692307696 0.09615384615384616
1 0.3401442307692308 0.7091346153846154 0.06971153846153846 0.125
1 0.4735576923076923 0.8581730769230769 0.06971153846153846 0.1466346153846154
1 0.671875 0.9663461538461539 0.0673076923076923 0.0625
0 0.07211538461538461 0.13701923076923078 0.040865384615384616 0.07451923076923077
0 0.1778846153846154 0.16346153846153846 0.03365384615384615 0.055288461538461536
0 0.2403846153846154 0.1971153846153846 0.038461538461538464 0.09134615384615384
0 0.3173076923076923 0.21995192307692307 0.038461538461538464 0.07932692307692307
0 0.4098557692307692 0.25240384615384615 0.04807692307692308 0.09615384615384616
0 0.49278846153846156 0.28846153846153844 0.04567307692307692 0.08653846153846154
0 0.7199519230769231 0.37259615384615385 0.038461538461538464 0.09375
0 0.9338942307692307 0.4098557692307692 0.04567307692307692 0.09375