1 0.4987980769230769 0.9555288461538461 0.07692307692307693 0.08413461538461539
1 0.3786057692307692 0.8185096153846154 0.06009615384615385 0.11538461538461539
1 0.26802884615384615 0.7295673076923077 0.07692307692307693 0.11057692307692307
1 0.18269230769230768 0.6213942307692307 0.07211538461538461 0.09134615384615384
1 0.08052884615384616 0.578125 0.07451923076923077 0.10096153846153846
0 0.9615384615384616 0.5288461538461539 0.052884615384615384 0.12259615384615384
0 0.7427884615384616 0.4951923076923077 0.04807692307692308 0.09615384615384616
0 0.6177884615384616 0.46153846153846156 0.009615384615384616 0.08413461538461539
0 0.5204326923076923 0.41346153846153844 0.038461538461538464 0.07692307692307693
0 0.43990384615384615 0.3641826923076923 0.036057692307692304 0.04567307692307692
0 0.3485576923076923 0.3425480769230769 0.04807692307692308 0.07451923076923077
0 0.27163461538461536 0.3245192307692308 0.04567307692307692 0.07451923076923077
0 0.20793269230769232 0.30408653846153844 0.036057692307692304 0.05048076923076923
0 0.11298076923076923 0.28725961538461536 0.028846153846153848 0.05048076923076923
0 0.03245192307692308 0.27283653846153844 0.04326923076923077 0.05048076923076923
0 0.01201923076923077 0.17067307692307693 0.02403846153846154 0.057692307692307696
0 0.06009615384615385 0.13221153846153846 0.019230769230769232 0.04326923076923077
0 0.11177884615384616 0.10216346153846154 0.016826923076923076 0.04326923076923077