0 0.9855769230769231 0.5480769230769231 0.02403846153846154 0.125
0 0.7848557692307693 0.5108173076923077 0.040865384615384616 0.11057692307692307
0 0.6574519230769231 0.4795673076923077 0.019230769230769232 0.0889423076923077
0 0.5564903846153846 0.41947115384615385 0.038461538461538464 0.0673076923076923
0 0.4735576923076923 0.37740384615384615 0.036057692307692304 0.05048076923076923
0 0.3858173076923077 0.3701923076923077 0.028846153846153848 0.057692307692307696
0 0.3088942307692308 0.34615384615384615 0.036057692307692304 0.06490384615384616
0 0.25240384615384615 0.31971153846153844 0.036057692307692304 0.06490384615384616
0 0.15384615384615385 0.2980769230769231 0.038461538461538464 0.05048076923076923
0 0.07211538461538461 0.2920673076923077 0.04807692307692308 0.06490384615384616
0 0.05048076923076923 0.18629807692307693 0.019230769230769232 0.05048076923076923
0 0.109375 0.15745192307692307 0.021634615384615384 0.04807692307692308
0 0.15144230769230768 0.12980769230769232 0.028846153846153848 0.038461538461538464
1 0.013221153846153846 0.5360576923076923 0.026442307692307692 0.10096153846153846
1 0.12379807692307693 0.5841346153846154 0.055288461538461536 0.10096153846153846
1 0.22115384615384615 0.6382211538461539 0.052884615384615384 0.09375
1 0.3112980769230769 0.7331730769230769 0.06009615384615385 0.09615384615384616
1 0.41225961538461536 0.8245192307692307 0.05048076923076923 0.11778846153846154
1 0.5396634615384616 0.9663461538461539 0.0673076923076923 0.06009615384615385