1 0.025240384615384616 0.5528846153846154 0.05048076923076923 0.08653846153846154
1 0.14302884615384615 0.6033653846153846 0.07211538461538461 0.11057692307692307
1 0.24639423076923078 0.6586538461538461 0.06490384615384616 0.10096153846153846
1 0.3329326923076923 0.7487980769230769 0.06490384615384616 0.08653846153846154
1 0.4375 0.8581730769230769 0.057692307692307696 0.11778846153846154
1 0.5649038461538461 0.9747596153846154 0.06971153846153846 0.04326923076923077
0 0.8125 0.5192307692307693 0.05048076923076923 0.10576923076923077
0 0.6826923076923077 0.4879807692307692 0.028846153846153848 0.08173076923076923
0 0.5793269230769231 0.44350961538461536 0.04567307692307692 0.07692307692307693
0 0.49399038461538464 0.40625 0.040865384615384616 0.0673076923076923
0 0.4014423076923077 0.37740384615384615 0.04567307692307692 0.07932692307692307
0 0.328125 0.3557692307692308 0.040865384615384616 0.07692307692307693
0 0.27283653846153844 0.33774038461538464 0.03125 0.06009615384615385
0 0.1778846153846154 0.3112980769230769 0.04567307692307692 0.07451923076923077
0 0.0985576923076923 0.3076923076923077 0.04326923076923077 0.06971153846153846
0 0.0673076923076923 0.2091346153846154 0.026442307692307692 0.06009615384615385
0 0.17307692307692307 0.14423076923076922 0.028846153846153848 0.05048076923076923
0 0.1310096153846154 0.17067307692307693 0.021634615384615384 0.040865384615384616