1 0.036057692307692304 0.5793269230769231 0.055288461538461536 0.0985576923076923
1 0.15985576923076922 0.6213942307692307 0.04567307692307692 0.09375
1 0.25961538461538464 0.6742788461538461 0.04567307692307692 0.09375
1 0.35216346153846156 0.7596153846153846 0.052884615384615384 0.09134615384615384
1 0.45913461538461536 0.8725961538461539 0.0673076923076923 0.10817307692307693
0 0.8329326923076923 0.5372596153846154 0.04807692307692308 0.09375
0 0.7055288461538461 0.49399038461538464 0.04567307692307692 0.08173076923076923
0 0.5961538461538461 0.44711538461538464 0.036057692307692304 0.06971153846153846
0 0.5060096153846154 0.40865384615384615 0.038461538461538464 0.057692307692307696
0 0.4170673076923077 0.3870192307692308 0.036057692307692304 0.06971153846153846
0 0.3401442307692308 0.3762019230769231 0.03365384615384615 0.08173076923076923
0 0.2860576923076923 0.34615384615384615 0.04326923076923077 0.07932692307692307
0 0.19230769230769232 0.32211538461538464 0.03365384615384615 0.06490384615384616
0 0.109375 0.3137019230769231 0.028846153846153848 0.057692307692307696
0 0.01201923076923077 0.3088942307692308 0.02403846153846154 0.07932692307692307
0 0.078125 0.21514423076923078 0.028846153846153848 0.055288461538461536
0 0.007211538461538462 0.24639423076923078 0.014423076923076924 0.040865384615384616
0 0.18269230769230768 0.15865384615384615 0.021634615384615384 0.04567307692307692