0 0.859375 0.5528846153846154 0.04567307692307692 0.08653846153846154
0 0.7319711538461539 0.5144230769230769 0.04326923076923077 0.07211538461538461
0 0.6165865384615384 0.45913461538461536 0.040865384615384616 0.08173076923076923
0 0.5276442307692307 0.41346153846153844 0.03125 0.04567307692307692
0 0.4338942307692308 0.39903846153846156 0.03125 0.06009615384615385
0 0.359375 0.3798076923076923 0.038461538461538464 0.07692307692307693
0 0.3004807692307692 0.3545673076923077 0.04567307692307692 0.07451923076923077
0 0.20673076923076922 0.328125 0.03125 0.055288461538461536
0 0.12379807692307693 0.32572115384615385 0.04326923076923077 0.08173076923076923
0 0.02283653846153846 0.32572115384615385 0.040865384615384616 0.0625
0 0.02283653846153846 0.2548076923076923 0.028846153846153848 0.04807692307692308
0 0.09375 0.21394230769230768 0.026442307692307692 0.055288461538461536
0 0.19230769230769232 0.15264423076923078 0.02403846153846154 0.052884615384615384
1 0.05048076923076923 0.5733173076923077 0.06009615384615385 0.0985576923076923
1 0.17908653846153846 0.6177884615384616 0.057692307692307696 0.08653846153846154
1 0.28125 0.6778846153846154 0.0625 0.11057692307692307
1 0.3713942307692308 0.7788461538461539 0.057692307692307696 0.11057692307692307
1 0.484375 0.8918269230769231 0.0625 0.14423076923076922