1 0.021634615384615384 0.5444711538461539 0.04326923076923077 0.10817307692307693
1 0.08173076923076923 0.5817307692307693 0.06490384615384616 0.08653846153846154
1 0.20673076923076922 0.6225961538461539 0.052884615384615384 0.07692307692307693
1 0.30288461538461536 0.6778846153846154 0.0625 0.10096153846153846
1 0.40024038461538464 0.7740384615384616 0.07692307692307693 0.13221153846153846
1 0.5084134615384616 0.8966346153846154 0.08173076923076923 0.12740384615384615
0 0.8846153846153846 0.5600961538461539 0.04567307692307692 0.10576923076923077
0 0.7572115384615384 0.5108173076923077 0.036057692307692304 0.08653846153846154
0 0.640625 0.46033653846153844 0.03365384615384615 0.07692307692307693
0 0.5528846153846154 0.41947115384615385 0.040865384615384616 0.0673076923076923
0 0.45552884615384615 0.38341346153846156 0.028846153846153848 0.04807692307692308
0 0.3786057692307692 0.3737980769230769 0.04326923076923077 0.08413461538461539
0 0.31971153846153844 0.34134615384615385 0.03365384615384615 0.055288461538461536
0 0.234375 0.32211538461538464 0.028846153846153848 0.055288461538461536
0 0.14903846153846154 0.3233173076923077 0.03365384615384615 0.07211538461538461
0 0.05048076923076923 0.3137019230769231 0.03365384615384615 0.057692307692307696
0 0.04447115384615385 0.2536057692307692 0.028846153846153848 0.038461538461538464
0 0.11538461538461539 0.21995192307692307 0.026442307692307692 0.05048076923076923
0 0.21995192307692307 0.15504807692307693 0.02403846153846154 0.05048076923076923