0 0.9194711538461539 0.5564903846153846 0.038461538461538464 0.08653846153846154
0 0.7884615384615384 0.5084134615384616 0.04807692307692308 0.10817307692307693
0 0.6646634615384616 0.46153846153846156 0.04567307692307692 0.07692307692307693
0 0.5733173076923077 0.4110576923076923 0.036057692307692304 0.06009615384615385
0 0.4795673076923077 0.38100961538461536 0.036057692307692304 0.06490384615384616
0 0.4026442307692308 0.3762019230769231 0.028846153846153848 0.055288461538461536
0 0.35216346153846156 0.35096153846153844 0.02403846153846154 0.052884615384615384
0 0.25841346153846156 0.31490384615384615 0.01201923076923077 0.04326923076923077
0 0.17427884615384615 0.3161057692307692 0.02403846153846154 0.055288461538461536
0 0.0733173076923077 0.30649038461538464 0.03125 0.05048076923076923
0 0.026442307692307692 0.3016826923076923 0.02403846153846154 0.055288461538461536
0 0.06971153846153846 0.24519230769230768 0.03365384615384615 0.04567307692307692
0 0.13822115384615385 0.20673076923076922 0.028846153846153848 0.04567307692307692
0 0.19110576923076922 0.18990384615384615 0.02403846153846154 0.040865384615384616
0 0.2403846153846154 0.14423076923076922 0.02403846153846154 0.05048076923076923
1 0.04326923076923077 0.5372596153846154 0.04567307692307692 0.09134615384615384
1 0.10817307692307693 0.5685096153846154 0.06009615384615385 0.08173076923076923
1 0.23317307692307693 0.6177884615384616 0.04567307692307692 0.08653846153846154
1 0.33052884615384615 0.6706730769230769 0.0625 0.08653846153846154
1 0.43028846153846156 0.7800480769230769 0.052884615384615384 0.10817307692307693
1 0.5420673076923077 0.8918269230769231 0.057692307692307696 0.125