1 0.5564903846153846 0.8990384615384616 0.0673076923076923 0.11778846153846154
1 0.44471153846153844 0.7872596153846154 0.05048076923076923 0.10576923076923077
1 0.35096153846153844 0.6838942307692307 0.055288461538461536 0.08173076923076923
1 0.2536057692307692 0.6225961538461539 0.0625 0.07692307692307693
1 0.12620192307692307 0.5697115384615384 0.055288461538461536 0.08413461538461539
1 0.06009615384615385 0.5336538461538461 0.04807692307692308 0.08173076923076923
0 0.9447115384615384 0.5637019230769231 0.03125 0.10336538461538461
0 0.8028846153846154 0.5144230769230769 0.057692307692307696 0.10576923076923077
0 0.6814903846153846 0.4651442307692308 0.038461538461538464 0.0673076923076923
0 0.5913461538461539 0.41225961538461536 0.036057692307692304 0.05048076923076923
0 0.5012019230769231 0.37259615384615385 0.03365384615384615 0.0673076923076923
0 0.4170673076923077 0.3737980769230769 0.036057692307692304 0.06490384615384616
0 0.36177884615384615 0.34975961538461536 0.03365384615384615 0.07451923076923077
0 0.18509615384615385 0.3137019230769231 0.03125 0.0673076923076923
0 0.09014423076923077 0.31490384615384615 0.03365384615384615 0.06971153846153846
0 0.039663461538461536 0.3004807692307692 0.028846153846153848 0.06490384615384616
0 0.08173076923076923 0.24759615384615385 0.04807692307692308 0.05048076923076923
0 0.15504807692307693 0.20432692307692307 0.028846153846153848 0.04807692307692308
0 0.20552884615384615 0.18389423076923078 0.028846153846153848 0.052884615384615384
0 0.25721153846153844 0.15504807692307693 0.036057692307692304 0.04807692307692308