0 0.265625 0.1466346153846154 0.021634615384615384 0.04326923076923077
0 0.21634615384615385 0.18028846153846154 0.03125 0.05048076923076923
0 0.16346153846153846 0.21634615384615385 0.028846153846153848 0.04567307692307692
0 0.09615384615384616 0.24639423076923078 0.026442307692307692 0.04326923076923077
0 0.04807692307692308 0.2932692307692308 0.03125 0.0673076923076923
0 0.0985576923076923 0.31009615384615385 0.03125 0.0673076923076923
0 0.19831730769230768 0.33052884615384615 0.038461538461538464 0.07211538461538461
0 0.36778846153846156 0.35096153846153844 0.03125 0.0625
0 0.42908653846153844 0.3870192307692308 0.03125 0.06490384615384616
0 0.5060096153846154 0.38221153846153844 0.028846153846153848 0.03365384615384615
0 0.6033653846153846 0.4206730769230769 0.026442307692307692 0.04807692307692308
0 0.6935096153846154 0.47836538461538464 0.038461538461538464 0.08653846153846154
0 0.8197115384615384 0.5204326923076923 0.04807692307692308 0.08413461538461539
0 0.9603365384615384 0.5805288461538461 0.016826923076923076 0.10096153846153846
1 0.016826923076923076 0.19591346153846154 0.026442307692307692 0.052884615384615384
1 0.07091346153846154 0.5372596153846154 0.05048076923076923 0.07451923076923077
1 0.14182692307692307 0.5612980769230769 0.04807692307692308 0.07692307692307693
1 0.26322115384615385 0.6201923076923077 0.0625 0.0673076923076923
1 0.3545673076923077 0.6754807692307693 0.05048076923076923 0.07692307692307693
1 0.4543269230769231 0.7824519230769231 0.036057692307692304 0.10336538461538461
1 0.5637019230769231 0.8966346153846154 0.08653846153846154 0.1201923076923077