0 0.984375 0.5769230769230769 0.016826923076923076 0.11778846153846154
0 0.8329326923076923 0.5240384615384616 0.06009615384615385 0.10096153846153846
0 0.7115384615384616 0.47596153846153844 0.036057692307692304 0.09375
0 0.6201923076923077 0.4182692307692308 0.036057692307692304 0.06490384615384616
0 0.5192307692307693 0.3713942307692308 0.038461538461538464 0.055288461538461536
0 0.44591346153846156 0.36538461538461536 0.040865384615384616 0.0673076923076923
0 0.3918269230769231 0.3425480769230769 0.03365384615384615 0.06009615384615385
0 0.19831730769230768 0.31971153846153844 0.03365384615384615 0.06490384615384616
0 0.12259615384615384 0.3004807692307692 0.03125 0.07692307692307693
0 0.07692307692307693 0.27524038461538464 0.028846153846153848 0.057692307692307696
0 0.11778846153846154 0.24879807692307693 0.026442307692307692 0.05048076923076923
0 0.18990384615384615 0.21995192307692307 0.026442307692307692 0.055288461538461536
0 0.23918269230769232 0.1778846153846154 0.021634615384615384 0.03125
0 0.2824519230769231 0.1502403846153846 0.019230769230769232 0.04807692307692308
1 0.039663461538461536 0.18028846153846154 0.021634615384615384 0.0625
1 0.09134615384615384 0.5216346153846154 0.055288461538461536 0.09375
1 0.16105769230769232 0.5576923076923077 0.057692307692307696 0.08173076923076923
1 0.2776442307692308 0.6129807692307693 0.052884615384615384 0.08173076923076923
1 0.3798076923076923 0.6838942307692307 0.07211538461538461 0.11778846153846154
1 0.47475961538461536 0.7824519230769231 0.07451923076923077 0.12980769230769232
1 0.5829326923076923 0.90625 0.0673076923076923 0.12980769230769232