1 0.07572115384615384 0.18028846153846154 0.02403846153846154 0.052884615384615384
1 0.015625 0.5024038461538461 0.03125 0.09134615384615384
1 0.12620192307692307 0.5144230769230769 0.04326923076923077 0.09134615384615384
1 0.19471153846153846 0.5456730769230769 0.0625 0.08413461538461539
1 0.30649038461538464 0.5973557692307693 0.04807692307692308 0.08653846153846154
1 0.40865384615384615 0.6658653846153846 0.06490384615384616 0.09615384615384616
1 0.49399038461538464 0.7800480769230769 0.0625 0.10096153846153846
1 0.6081730769230769 0.8942307692307693 0.07211538461538461 0.11778846153846154
0 0.8677884615384616 0.5228365384615384 0.04807692307692308 0.11057692307692307
0 0.7403846153846154 0.4699519230769231 0.04326923076923077 0.09375
0 0.6454326923076923 0.4182692307692308 0.038461538461538464 0.06490384615384616
0 0.5540865384615384 0.37259615384615385 0.040865384615384616 0.05048076923076923
0 0.46875 0.3545673076923077 0.02403846153846154 0.05048076923076923
0 0.4170673076923077 0.3425480769230769 0.026442307692307692 0.06490384615384616
0 0.25 0.31971153846153844 0.040865384615384616 0.08653846153846154
0 0.15504807692307693 0.2932692307692308 0.03365384615384615 0.05048076923076923
0 0.15504807692307693 0.234375 0.036057692307692304 0.057692307692307696
0 0.11057692307692307 0.27403846153846156 0.026442307692307692 0.0625
0 0.22355769230769232 0.20793269230769232 0.028846153846153848 0.040865384615384616
0 0.2704326923076923 0.16826923076923078 0.021634615384615384 0.038461538461538464
0 0.31490384615384615 0.1466346153846154 0.019230769230769232 0.040865384615384616