0 0.9014423076923077 0.5288461538461539 0.06009615384615385 0.0985576923076923
0 0.7680288461538461 0.4807692307692308 0.04326923076923077 0.0889423076923077
0 0.6742788461538461 0.4182692307692308 0.04807692307692308 0.07692307692307693
0 0.5793269230769231 0.3641826923076923 0.028846153846153848 0.040865384615384616
0 0.44471153846153844 0.3425480769230769 0.028846153846153848 0.04807692307692308
0 0.27524038461538464 0.30528846153846156 0.04567307692307692 0.07451923076923077
0 0.18509615384615385 0.2980769230769231 0.03365384615384615 0.0673076923076923
0 0.33774038461538464 0.14543269230769232 0.016826923076923076 0.0625
0 0.29447115384615385 0.171875 0.021634615384615384 0.040865384615384616
0 0.24639423076923078 0.2091346153846154 0.026442307692307692 0.06009615384615385
0 0.18028846153846154 0.234375 0.021634615384615384 0.040865384615384616
0 0.13701923076923078 0.2644230769230769 0.019230769230769232 0.055288461538461536
1 0.10336538461538461 0.1778846153846154 0.019230769230769232 0.06971153846153846
1 0.018028846153846152 0.21995192307692307 0.03365384615384615 0.07211538461538461
1 0.02403846153846154 0.4951923076923077 0.04807692307692308 0.07692307692307693
1 0.15384615384615385 0.5192307692307693 0.040865384615384616 0.08173076923076923
1 0.21514423076923078 0.5456730769230769 0.04807692307692308 0.07932692307692307
1 0.3329326923076923 0.6033653846153846 0.0625 0.08653846153846154
1 0.4375 0.6574519230769231 0.04567307692307692 0.07932692307692307
1 0.5216346153846154 0.7788461538461539 0.06971153846153846 0.10096153846153846
1 0.6394230769230769 0.8990384615384616 0.0673076923076923 0.11778846153846154