1 0.7836538461538461 0.9567307692307693 0.0673076923076923 0.08173076923076923
1 0.6502403846153846 0.8473557692307693 0.06009615384615385 0.12740384615384615
1 0.5444711538461539 0.7199519230769231 0.057692307692307696 0.09375
1 0.43509615384615385 0.6502403846153846 0.0625 0.10336538461538461
1 0.3076923076923077 0.5913461538461539 0.055288461538461536 0.09134615384615384
1 0.24759615384615385 0.5420673076923077 0.04567307692307692 0.06490384615384616
1 0.11899038461538461 0.5264423076923077 0.052884615384615384 0.08173076923076923
1 0.040865384615384616 0.265625 0.03365384615384615 0.0673076923076923
1 0.09495192307692307 0.2403846153846154 0.038461538461538464 0.055288461538461536
1 0.18028846153846154 0.19471153846153846 0.021634615384615384 0.055288461538461536
0 0.8882211538461539 0.5336538461538461 0.052884615384615384 0.11298076923076923
0 0.7836538461538461 0.47716346153846156 0.04567307692307692 0.08173076923076923
0 0.4338942307692308 0.34615384615384615 0.036057692307692304 0.06971153846153846
0 0.5925480769230769 0.38100961538461536 0.026442307692307692 0.038461538461538464
0 0.6790865384615384 0.4098557692307692 0.03125 0.04326923076923077
0 0.5300480769230769 0.36778846153846156 0.03125 0.06009615384615385
0 0.35697115384615385 0.33413461538461536 0.028846153846153848 0.05048076923076923
0 0.2644230769230769 0.31850961538461536 0.028846153846153848 0.05048076923076923
0 0.21634615384615385 0.30288461538461536 0.016826923076923076 0.04807692307692308
0 0.2548076923076923 0.25961538461538464 0.026442307692307692 0.04326923076923077
0 0.32091346153846156 0.23317307692307693 0.02403846153846154 0.052884615384615384
0 0.36778846153846156 0.19471153846153846 0.028846153846153848 0.057692307692307696
0 0.41225961538461536 0.17067307692307693 0.02403846153846154 0.055288461538461536