0 0.9098557692307693 0.5456730769230769 0.055288461538461536 0.10336538461538461
0 0.8028846153846154 0.49158653846153844 0.055288461538461536 0.10336538461538461
0 0.6995192307692307 0.4254807692307692 0.038461538461538464 0.0625
0 0.6129807692307693 0.390625 0.028846153846153848 0.04326923076923077
0 0.5516826923076923 0.3737980769230769 0.03125 0.06490384615384616
0 0.4519230769230769 0.34975961538461536 0.03365384615384615 0.0625
0 0.37740384615384615 0.33653846153846156 0.03125 0.057692307692307696
0 0.2824519230769231 0.3245192307692308 0.038461538461538464 0.04807692307692308
0 0.23317307692307693 0.30528846153846156 0.021634615384615384 0.057692307692307696
0 0.27403846153846156 0.2620192307692308 0.026442307692307692 0.04807692307692308
0 0.3389423076923077 0.22956730769230768 0.02403846153846154 0.038461538461538464
0 0.3870192307692308 0.20552884615384615 0.02403846153846154 0.05048076923076923
0 0.43028846153846156 0.17668269230769232 0.021634615384615384 0.055288461538461536
1 0.19951923076923078 0.20432692307692307 0.02403846153846154 0.05048076923076923
1 0.11658653846153846 0.24278846153846154 0.021634615384615384 0.0625
1 0.0625 0.27524038461538464 0.026442307692307692 0.052884615384615384
1 0.014423076923076924 0.5408653846153846 0.028846153846153848 0.09375
1 0.140625 0.5288461538461539 0.040865384615384616 0.07451923076923077
1 0.265625 0.5516826923076923 0.04567307692307692 0.08173076923076923
1 0.33052884615384615 0.5913461538461539 0.04807692307692308 0.09134615384615384
1 0.4543269230769231 0.6538461538461539 0.04807692307692308 0.08653846153846154
1 0.5637019230769231 0.7307692307692307 0.06971153846153846 0.125
1 0.6682692307692307 0.8641826923076923 0.07692307692307693 0.15144230769230768
1 0.8149038461538461 0.9651442307692307 0.0673076923076923 0.06009615384615385