1 0.21394230769230768 0.19471153846153846 0.026442307692307692 0.057692307692307696
1 0.13581730769230768 0.23076923076923078 0.02403846153846154 0.06009615384615385
1 0.078125 0.2620192307692308 0.028846153846153848 0.05048076923076923
1 0.008413461538461538 0.2920673076923077 0.016826923076923076 0.05048076923076923
1 0.02403846153846154 0.5204326923076923 0.04807692307692308 0.08173076923076923
1 0.1502403846153846 0.5204326923076923 0.05048076923076923 0.06971153846153846
1 0.2776442307692308 0.5432692307692307 0.04807692307692308 0.06490384615384616
1 0.33533653846153844 0.5877403846153846 0.04807692307692308 0.057692307692307696
1 0.46634615384615385 0.6550480769230769 0.04807692307692308 0.07451923076923077
1 0.5733173076923077 0.7295673076923077 0.06009615384615385 0.08173076923076923
1 0.6814903846153846 0.8677884615384616 0.06009615384615385 0.11778846153846154
1 0.8209134615384616 0.9711538461538461 0.06971153846153846 0.028846153846153848
0 0.44471153846153844 0.17427884615384615 0.02403846153846154 0.040865384615384616
0 0.39903846153846156 0.20192307692307693 0.03125 0.055288461538461536
0 0.35096153846153844 0.2283653846153846 0.026442307692307692 0.04567307692307692
0 0.28846153846153844 0.2536057692307692 0.02403846153846154 0.04326923076923077
0 0.24879807692307693 0.2956730769230769 0.02403846153846154 0.057692307692307696
0 0.29086538461538464 0.32211538461538464 0.028846153846153848 0.04326923076923077
0 0.38822115384615385 0.3449519230769231 0.03365384615384615 0.057692307692307696
0 0.46153846153846156 0.35216346153846156 0.036057692307692304 0.06971153846153846
0 0.5661057692307693 0.3737980769230769 0.03125 0.05048076923076923
0 0.6165865384615384 0.40024038461538464 0.03125 0.038461538461538464
0 0.7115384615384616 0.43028846153846156 0.036057692307692304 0.05048076923076923
0 0.8125 0.5036057692307693 0.04807692307692308 0.10096153846153846
0 0.9254807692307693 0.5600961538461539 0.04567307692307692 0.09615384615384616