1 0.7259615384615384 0.9074519230769231 0.06971153846153846 0.12259615384615384
1 0.6225961538461539 0.7644230769230769 0.06009615384615385 0.10817307692307693
1 0.5180288461538461 0.6766826923076923 0.052884615384615384 0.08653846153846154
1 0.3894230769230769 0.6045673076923077 0.04807692307692308 0.07211538461538461
1 0.3317307692307692 0.5576923076923077 0.05048076923076923 0.09375
1 0.20793269230769232 0.5180288461538461 0.04807692307692308 0.07451923076923077
1 0.078125 0.5252403846153846 0.036057692307692304 0.08653846153846154
1 0.07091346153846154 0.2980769230769231 0.04326923076923077 0.06009615384615385
1 0.13221153846153846 0.2776442307692308 0.036057692307692304 0.06971153846153846
1 0.1935096153846154 0.2403846153846154 0.026442307692307692 0.055288461538461536
1 0.2692307692307692 0.2091346153846154 0.02403846153846154 0.055288461538461536
0 0.49278846153846156 0.20192307692307693 0.019230769230769232 0.04326923076923077
0 0.4495192307692308 0.22716346153846154 0.028846153846153848 0.057692307692307696
0 0.4050480769230769 0.24879807692307693 0.02403846153846154 0.05048076923076923
0 0.34134615384615385 0.2620192307692308 0.03125 0.052884615384615384
0 0.30528846153846156 0.31490384615384615 0.03365384615384615 0.055288461538461536
0 0.34975961538461536 0.3425480769230769 0.02403846153846154 0.0625
0 0.4387019230769231 0.359375 0.03365384615384615 0.06009615384615385
0 0.5072115384615384 0.3701923076923077 0.036057692307692304 0.08173076923076923
0 0.6153846153846154 0.39783653846153844 0.03365384615384615 0.05048076923076923
0 0.6790865384615384 0.42788461538461536 0.03125 0.040865384615384616
0 0.7620192307692307 0.4891826923076923 0.026442307692307692 0.08413461538461539
0 0.8725961538461539 0.5408653846153846 0.04567307692307692 0.07451923076923077
0 0.9783653846153846 0.6045673076923077 0.038461538461538464 0.0889423076923077