0 0.9855769230769231 0.6117788461538461 0.02403846153846154 0.09375
0 0.890625 0.546875 0.05048076923076923 0.08173076923076923
0 0.7740384615384616 0.5 0.04567307692307692 0.08173076923076923
0 0.6899038461538461 0.45072115384615385 0.028846153846153848 0.04567307692307692
0 0.6237980769230769 0.4014423076923077 0.03365384615384615 0.04807692307692308
0 0.5252403846153846 0.39302884615384615 0.03365384615384615 0.07211538461538461
0 0.4543269230769231 0.3762019230769231 0.03365384615384615 0.06971153846153846
0 0.36538461538461536 0.3485576923076923 0.026442307692307692 0.06009615384615385
0 0.31971153846153844 0.3269230769230769 0.019230769230769232 0.04567307692307692
0 0.3545673076923077 0.30408653846153844 0.028846153846153848 0.055288461538461536
0 0.41466346153846156 0.2608173076923077 0.026442307692307692 0.052884615384615384
0 0.46634615384615385 0.24158653846153846 0.02403846153846154 0.06009615384615385
0 0.5012019230769231 0.20432692307692307 0.028846153846153848 0.0673076923076923
1 0.28725961538461536 0.22596153846153846 0.021634615384615384 0.05048076923076923
1 0.21033653846153846 0.265625 0.026442307692307692 0.04567307692307692
1 0.15264423076923078 0.29086538461538464 0.026442307692307692 0.057692307692307696
1 0.08533653846153846 0.31850961538461536 0.036057692307692304 0.06009615384615385
1 0.014423076923076924 0.3629807692307692 0.021634615384615384 0.0625
1 0.10216346153846154 0.5360576923076923 0.036057692307692304 0.07692307692307693
1 0.22115384615384615 0.5432692307692307 0.04807692307692308 0.07451923076923077
1 0.3425480769230769 0.5829326923076923 0.052884615384615384 0.08413461538461539
1 0.4050480769230769 0.6237980769230769 0.038461538461538464 0.07451923076923077
1 0.5288461538461539 0.6983173076923077 0.057692307692307696 0.08653846153846154
1 0.6346153846153846 0.7776442307692307 0.0625 0.09615384615384616
1 0.7427884615384616 0.9206730769230769 0.0625 0.08653846153846154