1 0.7692307692307693 0.9206730769230769 0.07211538461538461 0.11298076923076923
1 0.6598557692307693 0.7788461538461539 0.06490384615384616 0.11057692307692307
1 0.5504807692307693 0.6911057692307693 0.055288461538461536 0.10096153846153846
1 0.4254807692307692 0.6141826923076923 0.04807692307692308 0.08653846153846154
1 0.36778846153846156 0.5709134615384616 0.05048076923076923 0.09134615384615384
1 0.24519230769230768 0.5348557692307693 0.04807692307692308 0.08653846153846154
1 0.12980769230769232 0.5300480769230769 0.04567307692307692 0.07451923076923077
1 0.019230769230769232 0.5048076923076923 0.038461538461538464 0.07692307692307693
1 0.11658653846153846 0.3112980769230769 0.040865384615384616 0.06009615384615385
1 0.17908653846153846 0.28966346153846156 0.036057692307692304 0.04567307692307692
1 0.23197115384615385 0.265625 0.03365384615384615 0.04326923076923077
1 0.3088942307692308 0.23557692307692307 0.028846153846153848 0.05048076923076923
0 0.9146634615384616 0.5649038461538461 0.052884615384615384 0.1201923076923077
0 0.796875 0.49158653846153844 0.05048076923076923 0.07692307692307693
0 0.7115384615384616 0.4483173076923077 0.03365384615384615 0.05048076923076923
0 0.6454326923076923 0.40865384615384615 0.040865384615384616 0.040865384615384616
0 0.5540865384615384 0.3798076923076923 0.040865384615384616 0.05048076923076923
0 0.47475961538461536 0.3713942307692308 0.02403846153846154 0.055288461538461536
0 0.38822115384615385 0.3449519230769231 0.02403846153846154 0.04326923076923077
0 0.3425480769230769 0.3329326923076923 0.026442307692307692 0.08173076923076923
0 0.37740384615384615 0.28846153846153844 0.026442307692307692 0.04326923076923077
0 0.43990384615384615 0.25841346153846156 0.02403846153846154 0.055288461538461536
0 0.49038461538461536 0.24639423076923078 0.02403846153846154 0.057692307692307696
0 0.53125 0.21394230769230768 0.021634615384615384 0.04326923076923077