0 0.9663461538461539 0.5793269230769231 0.055288461538461536 0.11538461538461539
0 0.8497596153846154 0.5144230769230769 0.04807692307692308 0.09615384615384616
0 0.7632211538461539 0.4795673076923077 0.040865384615384616 0.0889423076923077
0 0.7007211538461539 0.4266826923076923 0.03365384615384615 0.07692307692307693
0 0.5997596153846154 0.37740384615384615 0.036057692307692304 0.057692307692307696
0 0.5240384615384616 0.3713942307692308 0.038461538461538464 0.06971153846153846
0 0.4338942307692308 0.34375 0.03125 0.06009615384615385
0 0.39783653846153844 0.3161057692307692 0.03125 0.0625
0 0.4375 0.2824519230769231 0.04326923076923077 0.05048076923076923
0 0.4951923076923077 0.2644230769230769 0.026442307692307692 0.055288461538461536
0 0.5420673076923077 0.24158653846153846 0.03125 0.055288461538461536
0 0.5829326923076923 0.20793269230769232 0.02403846153846154 0.052884615384615384
1 0.36177884615384615 0.21634615384615385 0.026442307692307692 0.055288461538461536
1 0.2860576923076923 0.2512019230769231 0.026442307692307692 0.055288461538461536
1 0.23317307692307693 0.2764423076923077 0.028846153846153848 0.057692307692307696
1 0.16947115384615385 0.2980769230769231 0.036057692307692304 0.06009615384615385
1 0.055288461538461536 0.36778846153846156 0.040865384615384616 0.06009615384615385
1 0.036057692307692304 0.4338942307692308 0.03365384615384615 0.0673076923076923
1 0.07692307692307693 0.4807692307692308 0.03125 0.08173076923076923
1 0.1814903846153846 0.5132211538461539 0.040865384615384616 0.06490384615384616
1 0.296875 0.5204326923076923 0.052884615384615384 0.06971153846153846
1 0.41466346153846156 0.5673076923076923 0.038461538461538464 0.08413461538461539
1 0.4723557692307692 0.6069711538461539 0.04326923076923077 0.09134615384615384
1 0.5961538461538461 0.6838942307692307 0.05048076923076923 0.09375
1 0.7055288461538461 0.7872596153846154 0.0625 0.10576923076923077
1 0.8100961538461539 0.9350961538461539 0.0889423076923077 0.125