1 0.8064903846153846 0.9399038461538461 0.0673076923076923 0.11298076923076923
1 0.7079326923076923 0.7884615384615384 0.06009615384615385 0.09615384615384616
1 0.6033653846153846 0.6959134615384616 0.04807692307692308 0.09134615384615384
1 0.47716346153846156 0.6033653846153846 0.052884615384615384 0.0985576923076923
1 0.4170673076923077 0.5661057692307693 0.04807692307692308 0.10336538461538461
1 0.3016826923076923 0.515625 0.04567307692307692 0.09375
1 0.18509615384615385 0.5024038461538461 0.04567307692307692 0.06971153846153846
1 0.08533653846153846 0.4795673076923077 0.028846153846153848 0.06971153846153846
1 0.042067307692307696 0.42788461538461536 0.038461538461538464 0.057692307692307696
1 0.05889423076923077 0.36778846153846156 0.028846153846153848 0.040865384615384616
1 0.17427884615384615 0.2956730769230769 0.036057692307692304 0.0673076923076923
1 0.2403846153846154 0.2776442307692308 0.028846153846153848 0.0673076923076923
1 0.28725961538461536 0.24519230769230768 0.028846153846153848 0.055288461538461536
1 0.3629807692307692 0.22235576923076922 0.026442307692307692 0.04326923076923077
0 0.9723557692307693 0.5805288461538461 0.05048076923076923 0.0985576923076923
0 0.8569711538461539 0.515625 0.052884615384615384 0.11778846153846154
0 0.765625 0.4723557692307692 0.05048076923076923 0.08653846153846154
0 0.7007211538461539 0.4411057692307692 0.03365384615384615 0.07451923076923077
0 0.6045673076923077 0.3798076923076923 0.028846153846153848 0.04807692307692308
0 0.5324519230769231 0.36177884615384615 0.026442307692307692 0.05048076923076923
0 0.4423076923076923 0.34615384615384615 0.026442307692307692 0.052884615384615384
0 0.3954326923076923 0.31850961538461536 0.016826923076923076 0.04807692307692308
0 0.4375 0.28365384615384615 0.02403846153846154 0.04326923076923077
0 0.49759615384615385 0.2644230769230769 0.021634615384615384 0.057692307692307696
0 0.5492788461538461 0.2439903846153846 0.028846153846153848 0.04326923076923077
0 0.5841346153846154 0.21875 0.026442307692307692 0.05048076923076923