1 0.8197115384615384 0.9423076923076923 0.07692307692307693 0.09375
1 0.7127403846153846 0.7980769230769231 0.0673076923076923 0.12259615384615384
1 0.6045673076923077 0.6947115384615384 0.04807692307692308 0.08173076923076923
1 0.48197115384615385 0.6081730769230769 0.04567307692307692 0.0673076923076923
1 0.41947115384615385 0.5661057692307693 0.05048076923076923 0.10096153846153846
1 0.3076923076923077 0.5204326923076923 0.038461538461538464 0.08413461538461539
1 0.19110576923076922 0.5108173076923077 0.04326923076923077 0.07451923076923077
1 0.08774038461538461 0.4855769230769231 0.03125 0.06971153846153846
1 0.04567307692307692 0.43509615384615385 0.028846153846153848 0.07451923076923077
1 0.06370192307692307 0.37259615384615385 0.04326923076923077 0.07692307692307693
1 0.18028846153846154 0.2956730769230769 0.028846153846153848 0.0625
1 0.24519230769230768 0.27403846153846156 0.021634615384615384 0.06009615384615385
1 0.2956730769230769 0.25721153846153844 0.028846153846153848 0.06971153846153846
1 0.36778846153846156 0.22716346153846154 0.036057692307692304 0.055288461538461536
0 0.5901442307692307 0.21514423076923078 0.02403846153846154 0.040865384615384616
0 0.5 0.265625 0.02403846153846154 0.055288461538461536
0 0.5492788461538461 0.23918269230769232 0.02403846153846154 0.05048076923076923
0 0.43990384615384615 0.28966346153846156 0.021634615384615384 0.057692307692307696
0 0.4026442307692308 0.3269230769230769 0.026442307692307692 0.07692307692307693
0 0.44711538461538464 0.359375 0.03125 0.07451923076923077
0 0.5288461538461539 0.3641826923076923 0.04326923076923077 0.0673076923076923
0 0.609375 0.38822115384615385 0.036057692307692304 0.06971153846153846
0 0.7055288461538461 0.4362980769230769 0.038461538461538464 0.08653846153846154
0 0.7716346153846154 0.484375 0.038461538461538464 0.08173076923076923
0 0.8653846153846154 0.5288461538461539 0.036057692307692304 0.08413461538461539
0 0.9747596153846154 0.59375 0.04567307692307692 0.10096153846153846