0 0.9783653846153846 0.609375 0.038461538461538464 0.10817307692307693
0 0.8677884615384616 0.5348557692307693 0.0625 0.10576923076923077
0 0.7776442307692307 0.5 0.040865384615384616 0.09134615384615384
0 0.7175480769230769 0.4699519230769231 0.04807692307692308 0.09615384615384616
0 0.6165865384615384 0.40865384615384615 0.04326923076923077 0.06971153846153846
0 0.5360576923076923 0.38221153846153844 0.028846153846153848 0.06009615384615385
0 0.4495192307692308 0.36778846153846156 0.02403846153846154 0.0625
0 0.4050480769230769 0.3425480769230769 0.016826923076923076 0.0625
0 0.44711538461538464 0.30408653846153844 0.028846153846153848 0.055288461538461536
0 0.5048076923076923 0.2776442307692308 0.026442307692307692 0.057692307692307696
0 0.5516826923076923 0.2620192307692308 0.03365384615384615 0.0625
0 0.5925480769230769 0.23076923076923078 0.02403846153846154 0.057692307692307696
1 0.37740384615384615 0.234375 0.016826923076923076 0.06009615384615385
1 0.30649038461538464 0.27403846153846156 0.028846153846153848 0.06490384615384616
1 0.2512019230769231 0.28846153846153844 0.02403846153846154 0.0673076923076923
1 0.19110576923076922 0.32091346153846156 0.026442307692307692 0.06971153846153846
1 0.06850961538461539 0.38100961538461536 0.026442307692307692 0.04807692307692308
1 0.052884615384615384 0.453125 0.03125 0.057692307692307696
1 0.09495192307692307 0.4879807692307692 0.03365384615384615 0.06971153846153846
1 0.19831730769230768 0.5300480769230769 0.040865384615384616 0.07451923076923077
1 0.31490384615384615 0.5408653846153846 0.040865384615384616 0.0673076923076923
1 0.43028846153846156 0.578125 0.04326923076923077 0.08173076923076923
1 0.4891826923076923 0.6237980769230769 0.04567307692307692 0.09375
1 0.6117788461538461 0.7199519230769231 0.052884615384615384 0.08653846153846154
1 0.7151442307692307 0.8064903846153846 0.06490384615384616 0.10817307692307693
1 0.828125 0.9495192307692307 0.08653846153846154 0.09375