1 0.38221153846153844 0.23557692307692307 0.02403846153846154 0.04807692307692308
1 0.30528846153846156 0.26802884615384615 0.04326923076923077 0.07211538461538461
1 0.25600961538461536 0.2800480769230769 0.02403846153846154 0.057692307692307696
1 0.18990384615384615 0.3125 0.036057692307692304 0.08173076923076923
1 0.07572115384615384 0.3737980769230769 0.04567307692307692 0.07692307692307693
1 0.06009615384615385 0.44591346153846156 0.04567307692307692 0.07692307692307693
1 0.0985576923076923 0.4891826923076923 0.026442307692307692 0.08173076923076923
1 0.20192307692307693 0.5216346153846154 0.055288461538461536 0.10576923076923077
1 0.3161057692307692 0.5384615384615384 0.04567307692307692 0.08173076923076923
1 0.42908653846153844 0.5877403846153846 0.052884615384615384 0.09134615384615384
1 0.4891826923076923 0.6322115384615384 0.04567307692307692 0.10576923076923077
1 0.6129807692307693 0.7127403846153846 0.055288461538461536 0.09375
1 0.71875 0.8076923076923077 0.06971153846153846 0.13221153846153846
1 0.8185096153846154 0.9435096153846154 0.07932692307692307 0.10817307692307693
0 0.6009615384615384 0.234375 0.03365384615384615 0.06490384615384616
0 0.5588942307692307 0.25841346153846156 0.02403846153846154 0.052884615384615384
0 0.5072115384615384 0.2824519230769231 0.03125 0.06490384615384616
0 0.4495192307692308 0.29927884615384615 0.03365384615384615 0.04807692307692308
0 0.41346153846153844 0.3425480769230769 0.016826923076923076 0.08653846153846154
0 0.45552884615384615 0.3641826923076923 0.028846153846153848 0.057692307692307696
0 0.5432692307692307 0.3786057692307692 0.019230769230769232 0.06490384615384616
0 0.6213942307692307 0.4098557692307692 0.038461538461538464 0.06971153846153846
0 0.7151442307692307 0.4579326923076923 0.038461538461538464 0.09615384615384616
0 0.7788461538461539 0.515625 0.04326923076923077 0.10096153846153846
0 0.8713942307692307 0.5504807692307693 0.04326923076923077 0.11778846153846154
0 0.9819711538461539 0.6153846153846154 0.03125 0.125