0 0.9747596153846154 0.6274038461538461 0.04567307692307692 0.1201923076923077
0 0.8713942307692307 0.5456730769230769 0.038461538461538464 0.09134615384615384
0 0.7788461538461539 0.5060096153846154 0.04567307692307692 0.08173076923076923
0 0.7163461538461539 0.46274038461538464 0.036057692307692304 0.08173076923076923
0 0.6201923076923077 0.4098557692307692 0.028846153846153848 0.06009615384615385
0 0.5396634615384616 0.3798076923076923 0.021634615384615384 0.05048076923076923
0 0.6009615384615384 0.23076923076923078 0.021634615384615384 0.04807692307692308
0 0.5625 0.25721153846153844 0.026442307692307692 0.06009615384615385
0 0.5120192307692307 0.27884615384615385 0.026442307692307692 0.07451923076923077
0 0.44711538461538464 0.30288461538461536 0.016826923076923076 0.057692307692307696
0 0.4110576923076923 0.33653846153846156 0.02403846153846154 0.09134615384615384
0 0.4579326923076923 0.3762019230769231 0.021634615384615384 0.0625
1 0.38341346153846156 0.23798076923076922 0.02403846153846154 0.06009615384615385
1 0.30528846153846156 0.25961538461538464 0.021634615384615384 0.057692307692307696
1 0.25721153846153844 0.28725961538461536 0.028846153846153848 0.06971153846153846
1 0.18990384615384615 0.3004807692307692 0.038461538461538464 0.07451923076923077
1 0.07692307692307693 0.3737980769230769 0.040865384615384616 0.06490384615384616
1 0.05889423076923077 0.44471153846153844 0.036057692307692304 0.08173076923076923
1 0.10096153846153846 0.4879807692307692 0.03125 0.09134615384615384
1 0.20432692307692307 0.5228365384615384 0.05048076923076923 0.09615384615384616
1 0.3173076923076923 0.5336538461538461 0.04567307692307692 0.08173076923076923
1 0.43028846153846156 0.5769230769230769 0.04567307692307692 0.08653846153846154
1 0.4879807692307692 0.6201923076923077 0.04326923076923077 0.09375
1 0.6129807692307693 0.7211538461538461 0.05048076923076923 0.10576923076923077
1 0.7151442307692307 0.8245192307692307 0.06971153846153846 0.14182692307692307
1 0.8221153846153846 0.9495192307692307 0.06971153846153846 0.09375