1 0.84375 0.9567307692307693 0.06971153846153846 0.08173076923076923
1 0.7331730769230769 0.8125 0.06490384615384616 0.10576923076923077
1 0.6274038461538461 0.7175480769230769 0.05048076923076923 0.10576923076923077
1 0.5024038461538461 0.6213942307692307 0.04567307692307692 0.09375
1 0.4423076923076923 0.5733173076923077 0.04326923076923077 0.08653846153846154
1 0.32572115384615385 0.5288461538461539 0.052884615384615384 0.0889423076923077
1 0.21153846153846154 0.5228365384615384 0.04326923076923077 0.08413461538461539
1 0.11177884615384616 0.4723557692307692 0.03125 0.06490384615384616
1 0.07211538461538461 0.4362980769230769 0.03365384615384615 0.06490384615384616
1 0.09375 0.3713942307692308 0.03125 0.055288461538461536
1 0.19471153846153846 0.3004807692307692 0.04567307692307692 0.0673076923076923
1 0.26322115384615385 0.28125 0.03365384615384615 0.05048076923076923
1 0.3233173076923077 0.26802884615384615 0.026442307692307692 0.05048076923076923
1 0.39302884615384615 0.2283653846153846 0.021634615384615384 0.052884615384615384
0 0.6129807692307693 0.23076923076923078 0.03365384615384615 0.057692307692307696
0 0.5745192307692307 0.25600961538461536 0.021634615384615384 0.057692307692307696
0 0.5228365384615384 0.27403846153846156 0.026442307692307692 0.05048076923076923
0 0.46153846153846156 0.2956730769230769 0.02403846153846154 0.0625
0 0.42788461538461536 0.3329326923076923 0.028846153846153848 0.0673076923076923
0 0.47115384615384615 0.3581730769230769 0.03125 0.057692307692307696
0 0.5588942307692307 0.3918269230769231 0.02403846153846154 0.0625
0 0.6322115384615384 0.41225961538461536 0.028846153846153848 0.040865384615384616
0 0.7307692307692307 0.4567307692307692 0.036057692307692304 0.08173076923076923
0 0.7944711538461539 0.5072115384615384 0.036057692307692304 0.09375
0 0.8894230769230769 0.5516826923076923 0.04326923076923077 0.10576923076923077
0 0.9915865384615384 0.6177884615384616 0.01201923076923077 0.0673076923076923