0 0.8966346153846154 0.5420673076923077 0.04326923076923077 0.0985576923076923
0 0.8076923076923077 0.5 0.05048076923076923 0.09134615384615384
0 0.7427884615384616 0.46153846153846156 0.036057692307692304 0.08653846153846154
0 0.6466346153846154 0.41225961538461536 0.03125 0.07451923076923077
0 0.5697115384615384 0.3870192307692308 0.038461538461538464 0.07451923076923077
0 0.47836538461538464 0.3557692307692308 0.026442307692307692 0.0625
0 0.4326923076923077 0.31971153846153844 0.016826923076923076 0.055288461538461536
0 0.4735576923076923 0.29447115384615385 0.019230769230769232 0.04326923076923077
0 0.53125 0.2776442307692308 0.02403846153846154 0.057692307692307696
0 0.5829326923076923 0.25240384615384615 0.026442307692307692 0.040865384615384616
0 0.625 0.2247596153846154 0.021634615384615384 0.05048076923076923
1 0.40865384615384615 0.23197115384615385 0.026442307692307692 0.05048076923076923
1 0.328125 0.25961538461538464 0.02403846153846154 0.06009615384615385
1 0.2764423076923077 0.27884615384615385 0.02403846153846154 0.06009615384615385
1 0.21634615384615385 0.30649038461538464 0.021634615384615384 0.06490384615384616
1 0.09615384615384616 0.36778846153846156 0.03365384615384615 0.04807692307692308
1 0.08413461538461539 0.4362980769230769 0.04567307692307692 0.07211538461538461
1 0.12259615384615384 0.4831730769230769 0.03125 0.07692307692307693
1 0.2247596153846154 0.5180288461538461 0.038461538461538464 0.06490384615384616
1 0.3389423076923077 0.5288461538461539 0.040865384615384616 0.06490384615384616
1 0.453125 0.5769230769230769 0.040865384615384616 0.08173076923076923
1 0.5120192307692307 0.6189903846153846 0.040865384615384616 0.09615384615384616
1 0.6322115384615384 0.7199519230769231 0.06490384615384616 0.09615384615384616
1 0.7427884615384616 0.8161057692307693 0.052884615384615384 0.09615384615384616
1 0.8545673076923077 0.9483173076923077 0.0673076923076923 0.07451923076923077