1 0.40625 0.24278846153846154 0.02403846153846154 0.05048076923076923
1 0.33052884615384615 0.2608173076923077 0.03125 0.05048076923076923
1 0.2800480769230769 0.29086538461538464 0.021634615384615384 0.055288461538461536
1 0.21634615384615385 0.3137019230769231 0.03125 0.055288461538461536
1 0.10697115384615384 0.3737980769230769 0.03125 0.06009615384615385
1 0.08413461538461539 0.43990384615384615 0.038461538461538464 0.07451923076923077
1 0.12379807692307693 0.47716346153846156 0.028846153846153848 0.0673076923076923
1 0.22596153846153846 0.5300480769230769 0.04807692307692308 0.09134615384615384
1 0.34134615384615385 0.5336538461538461 0.06009615384615385 0.09375
1 0.4495192307692308 0.5901442307692307 0.038461538461538464 0.08173076923076923
1 0.5132211538461539 0.6466346153846154 0.03125 0.09375
1 0.6394230769230769 0.7379807692307693 0.05048076923076923 0.09615384615384616
1 0.7439903846153846 0.8233173076923077 0.052884615384615384 0.12259615384615384
1 0.8569711538461539 0.9567307692307693 0.055288461538461536 0.08173076923076923
0 0.6274038461538461 0.23557692307692307 0.026442307692307692 0.04807692307692308
0 0.5865384615384616 0.25841346153846156 0.02403846153846154 0.052884615384615384
0 0.5360576923076923 0.2800480769230769 0.028846153846153848 0.057692307692307696
0 0.47596153846153844 0.3016826923076923 0.026442307692307692 0.055288461538461536
0 0.43509615384615385 0.328125 0.026442307692307692 0.0625
0 0.4795673076923077 0.35697115384615385 0.036057692307692304 0.06009615384615385
0 0.5673076923076923 0.3918269230769231 0.036057692307692304 0.0625
0 0.640625 0.4110576923076923 0.036057692307692304 0.07451923076923077
0 0.7403846153846154 0.45913461538461536 0.036057692307692304 0.07932692307692307
0 0.8052884615384616 0.5072115384615384 0.04326923076923077 0.06971153846153846
0 0.9014423076923077 0.5564903846153846 0.036057692307692304 0.09134615384615384