1 0.8629807692307693 0.9651442307692307 0.06490384615384616 0.06490384615384616
1 0.7560096153846154 0.8233173076923077 0.057692307692307696 0.10096153846153846
1 0.6442307692307693 0.7199519230769231 0.04807692307692308 0.09615384615384616
1 0.5204326923076923 0.6346153846153846 0.04567307692307692 0.09375
1 0.46274038461538464 0.5877403846153846 0.04567307692307692 0.07451923076923077
1 0.34615384615384615 0.5360576923076923 0.04567307692307692 0.0889423076923077
1 0.23557692307692307 0.5228365384615384 0.04326923076923077 0.07692307692307693
1 0.13822115384615385 0.4879807692307692 0.028846153846153848 0.08173076923076923
1 0.09975961538461539 0.44350961538461536 0.04326923076923077 0.07692307692307693
1 0.11658653846153846 0.38100961538461536 0.04807692307692308 0.06009615384615385
1 0.22596153846153846 0.3137019230769231 0.04326923076923077 0.0673076923076923
1 0.2920673076923077 0.28966346153846156 0.02403846153846154 0.055288461538461536
1 0.3425480769230769 0.26802884615384615 0.02403846153846154 0.052884615384615384
1 0.41947115384615385 0.2512019230769231 0.026442307692307692 0.0625
0 0.6346153846153846 0.23918269230769232 0.026442307692307692 0.055288461538461536
0 0.5949519230769231 0.25961538461538464 0.021634615384615384 0.055288461538461536
0 0.5480769230769231 0.28846153846153844 0.028846153846153848 0.055288461538461536
0 0.4855769230769231 0.3088942307692308 0.016826923076923076 0.04326923076923077
0 0.4483173076923077 0.3425480769230769 0.019230769230769232 0.08413461538461539
0 0.48677884615384615 0.36778846153846156 0.026442307692307692 0.06009615384615385
0 0.5793269230769231 0.39903846153846156 0.026442307692307692 0.06009615384615385
0 0.6538461538461539 0.4230769230769231 0.040865384615384616 0.08653846153846154
0 0.7512019230769231 0.46274038461538464 0.04567307692307692 0.08173076923076923
0 0.8209134615384616 0.5204326923076923 0.040865384615384616 0.10096153846153846
0 0.9170673076923077 0.5564903846153846 0.04326923076923077 0.09375