0 0.65625 0.24278846153846154 0.02403846153846154 0.04807692307692308
0 0.6177884615384616 0.26322115384615385 0.02403846153846154 0.0673076923076923
0 0.5685096153846154 0.2848557692307692 0.02403846153846154 0.057692307692307696
0 0.5072115384615384 0.3088942307692308 0.02403846153846154 0.052884615384615384
0 0.4699519230769231 0.3485576923076923 0.021634615384615384 0.05048076923076923
0 0.5120192307692307 0.3701923076923077 0.028846153846153848 0.04567307692307692
0 0.5973557692307693 0.4050480769230769 0.04567307692307692 0.07932692307692307
0 0.6670673076923077 0.4266826923076923 0.038461538461538464 0.07211538461538461
0 0.7728365384615384 0.4699519230769231 0.03125 0.09134615384615384
0 0.8473557692307693 0.5216346153846154 0.055288461538461536 0.10576923076923077
0 0.9399038461538461 0.5576923076923077 0.04326923076923077 0.10336538461538461
1 0.43990384615384615 0.2439903846153846 0.03125 0.055288461538461536
1 0.3629807692307692 0.2704326923076923 0.019230769230769232 0.055288461538461536
1 0.3173076923076923 0.2920673076923077 0.014423076923076924 0.040865384615384616
1 0.2536057692307692 0.30649038461538464 0.02403846153846154 0.04807692307692308
1 0.14302884615384615 0.3798076923076923 0.026442307692307692 0.04807692307692308
1 0.12139423076923077 0.44591346153846156 0.03365384615384615 0.057692307692307696
1 0.16346153846153846 0.48677884615384615 0.03125 0.07451923076923077
1 0.2608173076923077 0.5300480769230769 0.04807692307692308 0.08653846153846154
1 0.375 0.5456730769230769 0.026442307692307692 0.08173076923076923
1 0.484375 0.5877403846153846 0.04326923076923077 0.07451923076923077
1 0.5432692307692307 0.6346153846153846 0.04326923076923077 0.09375
1 0.6694711538461539 0.7355769230769231 0.04807692307692308 0.11298076923076923
1 0.7848557692307693 0.8449519230769231 0.0673076923076923 0.13221153846153846
1 0.890625 0.9627403846153846 0.07932692307692307 0.0673076923076923