1 0.9146634615384616 0.9783653846153846 0.057692307692307696 0.038461538461538464
1 0.7956730769230769 0.84375 0.0625 0.11538461538461539
1 0.6862980769230769 0.7427884615384616 0.055288461538461536 0.10576923076923077
1 0.5576923076923077 0.6478365384615384 0.04807692307692308 0.09134615384615384
1 0.49759615384615385 0.5973557692307693 0.040865384615384616 0.07692307692307693
1 0.38461538461538464 0.5480769230769231 0.040865384615384616 0.07692307692307693
1 0.27524038461538464 0.5336538461538461 0.04326923076923077 0.08173076923076923
1 0.17307692307692307 0.5036057692307693 0.03125 0.07692307692307693
1 0.13701923076923078 0.4567307692307692 0.03365384615384615 0.057692307692307696
1 0.15384615384615385 0.39903846153846156 0.038461538461538464 0.05048076923076923
1 0.2644230769230769 0.3245192307692308 0.03125 0.06490384615384616
1 0.3233173076923077 0.30528846153846156 0.028846153846153848 0.06009615384615385
1 0.375 0.28365384615384615 0.016826923076923076 0.04567307692307692
1 0.4519230769230769 0.265625 0.02403846153846154 0.04807692307692308
0 0.6742788461538461 0.24759615384615385 0.02403846153846154 0.04807692307692308
0 0.6298076923076923 0.27283653846153844 0.02403846153846154 0.057692307692307696
0 0.578125 0.296875 0.036057692307692304 0.057692307692307696
0 0.5216346153846154 0.3137019230769231 0.02403846153846154 0.05048076923076923
0 0.4807692307692308 0.35216346153846156 0.028846153846153848 0.0673076923076923
0 0.5252403846153846 0.3737980769230769 0.036057692307692304 0.052884615384615384
0 0.6165865384615384 0.4074519230769231 0.03365384615384615 0.06971153846153846
0 0.6875 0.42908653846153844 0.038461538461538464 0.06009615384615385
0 0.7908653846153846 0.4807692307692308 0.04807692307692308 0.07932692307692307
0 0.8617788461538461 0.5240384615384616 0.04807692307692308 0.08413461538461539
0 0.9591346153846154 0.5661057692307693 0.05048076923076923 0.07451923076923077