0 0.6923076923076923 0.2620192307692308 0.026442307692307692 0.06971153846153846
0 0.6490384615384616 0.28846153846153844 0.026442307692307692 0.04807692307692308
0 0.5973557692307693 0.31490384615384615 0.028846153846153848 0.0673076923076923
0 0.5336538461538461 0.328125 0.021634615384615384 0.055288461538461536
0 0.49759615384615385 0.3629807692307692 0.021634615384615384 0.06490384615384616
0 0.5420673076923077 0.3894230769230769 0.040865384615384616 0.06490384615384616
0 0.6286057692307693 0.421875 0.03125 0.07451923076923077
0 0.7055288461538461 0.46033653846153844 0.038461538461538464 0.08653846153846154
0 0.8125 0.5012019230769231 0.04807692307692308 0.08173076923076923
0 0.8822115384615384 0.546875 0.04326923076923077 0.09615384615384616
0 0.9735576923076923 0.5997596153846154 0.04807692307692308 0.10817307692307693
1 0.46875 0.265625 0.016826923076923076 0.04567307692307692
1 0.3942307692307692 0.296875 0.019230769230769232 0.057692307692307696
1 0.34375 0.3173076923076923 0.026442307692307692 0.06009615384615385
1 0.28725961538461536 0.3329326923076923 0.028846153846153848 0.06971153846153846
1 0.17908653846153846 0.39663461538461536 0.036057692307692304 0.06490384615384616
1 0.15745192307692307 0.4639423076923077 0.038461538461538464 0.055288461538461536
1 0.19591346153846154 0.5072115384615384 0.03125 0.057692307692307696
1 0.28966346153846156 0.5480769230769231 0.04567307692307692 0.07692307692307693
1 0.39783653846153844 0.5552884615384616 0.05048076923076923 0.08173076923076923
1 0.5180288461538461 0.609375 0.036057692307692304 0.08653846153846154
1 0.5793269230769231 0.6622596153846154 0.052884615384615384 0.12259615384615384
1 0.6995192307692307 0.7524038461538461 0.055288461538461536 0.11057692307692307
1 0.8173076923076923 0.8689903846153846 0.07211538461538461 0.1201923076923077