1 0.49278846153846156 0.28365384615384615 0.026442307692307692 0.055288461538461536
1 0.421875 0.3112980769230769 0.026442307692307692 0.055288461538461536
1 0.3737980769230769 0.3389423076923077 0.03365384615384615 0.055288461538461536
1 0.31009615384615385 0.34975961538461536 0.03125 0.06009615384615385
1 0.20192307692307693 0.4170673076923077 0.04326923076923077 0.06490384615384616
1 0.18389423076923078 0.4831730769230769 0.04326923076923077 0.06971153846153846
1 0.22596153846153846 0.5228365384615384 0.03125 0.07451923076923077
1 0.31850961538461536 0.5649038461538461 0.05048076923076923 0.08653846153846154
1 0.4266826923076923 0.5817307692307693 0.04567307692307692 0.08173076923076923
1 0.5396634615384616 0.6322115384615384 0.036057692307692304 0.09375
1 0.5961538461538461 0.6911057692307693 0.04807692307692308 0.10096153846153846
1 0.7307692307692307 0.7908653846153846 0.08173076923076923 0.1201923076923077
1 0.8389423076923077 0.8894230769230769 0.07451923076923077 0.12259615384615384
0 0.7223557692307693 0.2932692307692308 0.028846153846153848 0.057692307692307696
0 0.6742788461538461 0.3112980769230769 0.026442307692307692 0.05048076923076923
0 0.6213942307692307 0.33653846153846156 0.038461538461538464 0.05048076923076923
0 0.5612980769230769 0.35216346153846156 0.03365384615384615 0.04567307692307692
0 0.5216346153846154 0.3858173076923077 0.019230769230769232 0.040865384615384616
0 0.5673076923076923 0.41586538461538464 0.028846153846153848 0.05048076923076923
0 0.6574519230769231 0.4567307692307692 0.040865384615384616 0.08653846153846154
0 0.7319711538461539 0.47475961538461536 0.04807692307692308 0.09134615384615384
0 0.8329326923076923 0.5276442307692307 0.05048076923076923 0.10576923076923077
0 0.9074519230769231 0.5793269230769231 0.04326923076923077 0.11298076923076923