1 0.8485576923076923 0.9170673076923077 0.0673076923076923 0.1201923076923077
1 0.7307692307692307 0.8040865384615384 0.052884615384615384 0.11298076923076923
1 0.6009615384615384 0.6983173076923077 0.04567307692307692 0.12740384615384615
1 0.5444711538461539 0.6478365384615384 0.04567307692307692 0.0985576923076923
1 0.43028846153846156 0.5949519230769231 0.04326923076923077 0.08173076923076923
1 0.32211538461538464 0.5757211538461539 0.040865384615384616 0.09375
1 0.23197115384615385 0.5384615384615384 0.03365384615384615 0.08173076923076923
1 0.19110576923076922 0.4891826923076923 0.026442307692307692 0.07692307692307693
1 0.2091346153846154 0.42427884615384615 0.021634615384615384 0.06009615384615385
1 0.3125 0.36778846153846156 0.014423076923076924 0.04807692307692308
1 0.37740384615384615 0.3389423076923077 0.019230769230769232 0.055288461538461536
1 0.42788461538461536 0.3233173076923077 0.01201923076923077 0.038461538461538464
1 0.49759615384615385 0.30528846153846156 0.019230769230769232 0.040865384615384616
0 0.7235576923076923 0.2980769230769231 0.03125 0.057692307692307696
0 0.6790865384615384 0.3233173076923077 0.026442307692307692 0.06490384615384616
0 0.6310096153846154 0.3485576923076923 0.026442307692307692 0.057692307692307696
0 0.5697115384615384 0.36177884615384615 0.03125 0.06009615384615385
0 0.5276442307692307 0.3918269230769231 0.02403846153846154 0.055288461538461536
0 0.5733173076923077 0.4411057692307692 0.038461538461538464 0.07692307692307693
0 0.6622596153846154 0.4675480769230769 0.040865384615384616 0.07932692307692307
0 0.7403846153846154 0.4951923076923077 0.04326923076923077 0.08173076923076923
0 0.84375 0.5504807692307693 0.04326923076923077 0.09134615384615384
0 0.9146634615384616 0.5949519230769231 0.05048076923076923 0.10336538461538461