0 0.9242788461538461 0.6045673076923077 0.055288461538461536 0.09134615384615384
0 0.8497596153846154 0.5504807692307693 0.04567307692307692 0.09375
0 0.7451923076923077 0.49399038461538464 0.036057692307692304 0.0625
0 0.6646634615384616 0.46875 0.036057692307692304 0.07451923076923077
0 0.5745192307692307 0.4362980769230769 0.028846153846153848 0.07211538461538461
0 0.5324519230769231 0.40865384615384615 0.021634615384615384 0.057692307692307696
0 0.5697115384615384 0.3762019230769231 0.019230769230769232 0.04326923076923077
0 0.6322115384615384 0.3605769230769231 0.028846153846153848 0.057692307692307696
0 0.6802884615384616 0.3329326923076923 0.02403846153846154 0.06490384615384616
0 0.7271634615384616 0.3269230769230769 0.03125 0.0673076923076923
1 0.5012019230769231 0.3137019230769231 0.021634615384615384 0.057692307692307696
1 0.4326923076923077 0.3293269230769231 0.016826923076923076 0.04807692307692308
1 0.38221153846153844 0.3545673076923077 0.026442307692307692 0.055288461538461536
1 0.32091346153846156 0.37259615384615385 0.021634615384615384 0.06009615384615385
1 0.2127403846153846 0.43149038461538464 0.036057692307692304 0.055288461538461536
1 0.19471153846153846 0.49759615384615385 0.036057692307692304 0.07692307692307693
1 0.2439903846153846 0.5612980769230769 0.04807692307692308 0.11057692307692307
1 0.33533653846153844 0.59375 0.04567307692307692 0.07932692307692307
1 0.43990384615384615 0.6045673076923077 0.03125 0.07692307692307693
1 0.5540865384615384 0.6586538461538461 0.04807692307692308 0.10576923076923077
1 0.6081730769230769 0.7079326923076923 0.04567307692307692 0.10336538461538461
1 0.7379807692307693 0.8185096153846154 0.04807692307692308 0.09375
1 0.8509615384615384 0.9266826923076923 0.08413461538461539 0.13942307692307693