1 0.859375 0.9302884615384616 0.07211538461538461 0.12740384615384615
1 0.7427884615384616 0.8137019230769231 0.055288461538461536 0.10336538461538461
1 0.6165865384615384 0.7043269230769231 0.04807692307692308 0.09615384615384616
1 0.5564903846153846 0.6622596153846154 0.04807692307692308 0.10336538461538461
1 0.4423076923076923 0.5961538461538461 0.04326923076923077 0.08653846153846154
1 0.33774038461538464 0.5793269230769231 0.04326923076923077 0.07692307692307693
1 0.23798076923076922 0.5408653846153846 0.03125 0.0673076923076923
1 0.20793269230769232 0.5036057692307693 0.028846153846153848 0.07451923076923077
1 0.2247596153846154 0.43149038461538464 0.02403846153846154 0.055288461538461536
1 0.3269230769230769 0.3641826923076923 0.026442307692307692 0.06971153846153846
1 0.3894230769230769 0.3545673076923077 0.026442307692307692 0.05048076923076923
1 0.43509615384615385 0.3293269230769231 0.028846153846153848 0.04567307692307692
1 0.5120192307692307 0.30649038461538464 0.016826923076923076 0.040865384615384616
0 0.734375 0.31009615384615385 0.019230769230769232 0.06971153846153846
0 0.6911057692307693 0.3329326923076923 0.036057692307692304 0.06490384615384616
0 0.640625 0.3605769230769231 0.021634615384615384 0.04807692307692308
0 0.5805288461538461 0.3762019230769231 0.02403846153846154 0.052884615384615384
0 0.5384615384615384 0.41225961538461536 0.019230769230769232 0.07451923076923077
0 0.5817307692307693 0.43990384615384615 0.026442307692307692 0.06971153846153846
0 0.6706730769230769 0.4699519230769231 0.04326923076923077 0.06971153846153846
0 0.75 0.49759615384615385 0.04326923076923077 0.08173076923076923
0 0.8545673076923077 0.546875 0.04326923076923077 0.08173076923076923
0 0.9290865384615384 0.6057692307692307 0.052884615384615384 0.10576923076923077