0 0.9338942307692307 0.6081730769230769 0.052884615384615384 0.10336538461538461
0 0.8653846153846154 0.5637019230769231 0.04807692307692308 0.09375
0 0.7596153846153846 0.4963942307692308 0.04326923076923077 0.09375
0 0.6754807692307693 0.4723557692307692 0.04567307692307692 0.07692307692307693
0 0.5841346153846154 0.44711538461538464 0.02403846153846154 0.06490384615384616
0 0.5432692307692307 0.4050480769230769 0.026442307692307692 0.0625
0 0.5817307692307693 0.37740384615384615 0.021634615384615384 0.04326923076923077
0 0.6430288461538461 0.3581730769230769 0.036057692307692304 0.04807692307692308
0 0.6971153846153846 0.33653846153846156 0.021634615384615384 0.05048076923076923
0 0.7403846153846154 0.32091346153846156 0.026442307692307692 0.06490384615384616
1 0.5120192307692307 0.3125 0.019230769230769232 0.052884615384615384
1 0.44471153846153844 0.33653846153846156 0.021634615384615384 0.052884615384615384
1 0.3942307692307692 0.34975961538461536 0.03365384615384615 0.06971153846153846
1 0.3317307692307692 0.3737980769230769 0.026442307692307692 0.0625
1 0.22716346153846154 0.43509615384615385 0.038461538461538464 0.06009615384615385
1 0.20552884615384615 0.49759615384615385 0.040865384615384616 0.0625
1 0.24278846153846154 0.5480769230769231 0.03125 0.07211538461538461
1 0.33653846153846156 0.5829326923076923 0.036057692307692304 0.07932692307692307
1 0.44711538461538464 0.6081730769230769 0.040865384615384616 0.08413461538461539
1 0.5576923076923077 0.6634615384615384 0.038461538461538464 0.08173076923076923
1 0.6177884615384616 0.7139423076923077 0.052884615384615384 0.09375
1 0.7512019230769231 0.8221153846153846 0.06009615384615385 0.10096153846153846
1 0.8677884615384616 0.9350961538461539 0.08653846153846154 0.125