1 0.5216346153846154 0.3137019230769231 0.021634615384615384 0.04807692307692308
1 0.44471153846153844 0.3425480769230769 0.03125 0.04567307692307692
1 0.39783653846153844 0.3629807692307692 0.02403846153846154 0.055288461538461536
1 0.33533653846153844 0.36778846153846156 0.026442307692307692 0.05048076923076923
1 0.234375 0.4375 0.03125 0.055288461538461536
1 0.21033653846153846 0.5060096153846154 0.03125 0.0673076923076923
1 0.25240384615384615 0.5456730769230769 0.028846153846153848 0.06009615384615385
1 0.33653846153846156 0.5817307692307693 0.021634615384615384 0.07211538461538461
1 0.44471153846153844 0.6117788461538461 0.03125 0.057692307692307696
1 0.5612980769230769 0.6574519230769231 0.03365384615384615 0.057692307692307696
1 0.6225961538461539 0.7115384615384616 0.036057692307692304 0.0889423076923077
1 0.7475961538461539 0.8257211538461539 0.057692307692307696 0.09615384615384616
1 0.8617788461538461 0.9459134615384616 0.0625 0.10336538461538461
0 0.9338942307692307 0.6141826923076923 0.04567307692307692 0.09375
0 0.8641826923076923 0.5625 0.038461538461538464 0.057692307692307696
0 0.7572115384615384 0.49759615384615385 0.03365384615384615 0.06009615384615385
0 0.6754807692307693 0.48197115384615385 0.038461538461538464 0.0673076923076923
0 0.5877403846153846 0.44711538461538464 0.03365384615384615 0.06971153846153846
0 0.546875 0.4098557692307692 0.014423076923076924 0.06009615384615385
0 0.5829326923076923 0.37740384615384615 0.03125 0.06971153846153846
0 0.6442307692307693 0.36538461538461536 0.019230769230769232 0.052884615384615384
0 0.6971153846153846 0.3401442307692308 0.028846153846153848 0.055288461538461536
0 0.7415865384615384 0.32211538461538464 0.021634615384615384 0.06009615384615385