0 0.7439903846153846 0.35336538461538464 0.021634615384615384 0.052884615384615384
0 0.7043269230769231 0.3605769230769231 0.026442307692307692 0.0673076923076923
0 0.6526442307692307 0.3894230769230769 0.028846153846153848 0.07932692307692307
0 0.5901442307692307 0.4098557692307692 0.02403846153846154 0.06490384615384616
0 0.5528846153846154 0.44591346153846156 0.036057692307692304 0.08413461538461539
0 0.5985576923076923 0.484375 0.03125 0.06490384615384616
0 0.6875 0.5072115384615384 0.038461538461538464 0.09615384615384616
0 0.7620192307692307 0.5288461538461539 0.03125 0.0889423076923077
0 0.8689903846153846 0.5889423076923077 0.028846153846153848 0.09134615384615384
0 0.9435096153846154 0.6358173076923077 0.026442307692307692 0.08653846153846154
1 0.5264423076923077 0.33653846153846156 0.02403846153846154 0.04807692307692308
1 0.4543269230769231 0.3629807692307692 0.021634615384615384 0.06009615384615385
1 0.40384615384615385 0.3858173076923077 0.036057692307692304 0.0625
1 0.34615384615384615 0.39903846153846156 0.02403846153846154 0.06490384615384616
1 0.2403846153846154 0.4543269230769231 0.028846153846153848 0.055288461538461536
1 0.22235576923076922 0.5324519230769231 0.04807692307692308 0.09375
1 0.25961538461538464 0.5733173076923077 0.03365384615384615 0.08653846153846154
1 0.3473557692307692 0.6165865384615384 0.03365384615384615 0.07692307692307693
1 0.4567307692307692 0.6358173076923077 0.036057692307692304 0.07451923076923077
1 0.5673076923076923 0.6911057692307693 0.036057692307692304 0.08653846153846154
1 0.6286057692307693 0.7463942307692307 0.036057692307692304 0.0985576923076923
1 0.7548076923076923 0.8557692307692307 0.06490384615384616 0.11057692307692307
1 0.8725961538461539 0.953125 0.07692307692307693 0.08653846153846154