0 0.7487980769230769 0.3545673076923077 0.036057692307692304 0.06009615384615385
0 0.7007211538461539 0.38100961538461536 0.03365384615384615 0.0673076923076923
0 0.6538461538461539 0.40024038461538464 0.028846153846153848 0.0625
0 0.5925480769230769 0.41947115384615385 0.021634615384615384 0.055288461538461536
0 0.5516826923076923 0.4519230769230769 0.026442307692307692 0.07932692307692307
0 0.59375 0.4831730769230769 0.02403846153846154 0.07692307692307693
0 0.6838942307692307 0.5168269230769231 0.04567307692307692 0.08413461538461539
0 0.7608173076923077 0.5492788461538461 0.038461538461538464 0.0673076923076923
0 0.8677884615384616 0.5997596153846154 0.04807692307692308 0.09375
0 0.9411057692307693 0.6478365384615384 0.04567307692307692 0.10096153846153846
1 0.5252403846153846 0.3485576923076923 0.021634615384615384 0.052884615384615384
1 0.4519230769230769 0.375 0.019230769230769232 0.05048076923076923
1 0.4026442307692308 0.3954326923076923 0.01201923076923077 0.052884615384615384
1 0.3389423076923077 0.4050480769230769 0.03125 0.05048076923076923
1 0.234375 0.4699519230769231 0.02403846153846154 0.055288461538461536
1 0.21875 0.5408653846153846 0.03125 0.07692307692307693
1 0.2536057692307692 0.5865384615384616 0.026442307692307692 0.06490384615384616
1 0.35096153846153844 0.6274038461538461 0.04807692307692308 0.06971153846153846
1 0.4579326923076923 0.6490384615384616 0.04567307692307692 0.07451923076923077
1 0.5661057692307693 0.6995192307692307 0.04326923076923077 0.07451923076923077
1 0.6298076923076923 0.7487980769230769 0.04326923076923077 0.08653846153846154
1 0.7512019230769231 0.8581730769230769 0.05048076923076923 0.0985576923076923
1 0.8689903846153846 0.9567307692307693 0.08413461538461539 0.06971153846153846