1 0.8677884615384616 0.9615384615384616 0.07692307692307693 0.07211538461538461
1 0.7536057692307693 0.8605769230769231 0.07692307692307693 0.13701923076923078
1 0.625 0.7632211538461539 0.057692307692307696 0.09615384615384616
1 0.5673076923076923 0.7091346153846154 0.04807692307692308 0.0889423076923077
1 0.45552884615384615 0.6526442307692307 0.04567307692307692 0.0673076923076923
1 0.35096153846153844 0.6346153846153846 0.04326923076923077 0.07692307692307693
1 0.25841346153846156 0.5925480769230769 0.036057692307692304 0.06009615384615385
1 0.21995192307692307 0.5588942307692307 0.038461538461538464 0.07451923076923077
1 0.23918269230769232 0.48677884615384615 0.036057692307692304 0.06009615384615385
1 0.3425480769230769 0.421875 0.03125 0.05048076923076923
1 0.4026442307692308 0.4026442307692308 0.028846153846153848 0.05048076923076923
1 0.4483173076923077 0.38822115384615385 0.026442307692307692 0.038461538461538464
1 0.5276442307692307 0.35336538461538464 0.02403846153846154 0.057692307692307696
0 0.7512019230769231 0.3737980769230769 0.028846153846153848 0.06490384615384616
0 0.7079326923076923 0.3870192307692308 0.028846153846153848 0.06009615384615385
0 0.6574519230769231 0.4098557692307692 0.03125 0.06009615384615385
0 0.5925480769230769 0.4326923076923077 0.026442307692307692 0.04567307692307692
0 0.5480769230769231 0.4675480769230769 0.026442307692307692 0.08413461538461539
0 0.5949519230769231 0.49399038461538464 0.038461538461538464 0.07692307692307693
0 0.6814903846153846 0.5228365384615384 0.04567307692307692 0.07692307692307693
0 0.7620192307692307 0.5516826923076923 0.04567307692307692 0.07932692307692307
0 0.875 0.5925480769230769 0.04807692307692308 0.08653846153846154
0 0.9387019230769231 0.6526442307692307 0.04807692307692308 0.10576923076923077