0 0.9411057692307693 0.6586538461538461 0.052884615384615384 0.10096153846153846
0 0.8701923076923077 0.6141826923076923 0.05048076923076923 0.08653846153846154
0 0.7620192307692307 0.5552884615384616 0.04326923076923077 0.09615384615384616
0 0.6850961538461539 0.5372596153846154 0.040865384615384616 0.06971153846153846
0 0.59375 0.4951923076923077 0.038461538461538464 0.08413461538461539
0 0.5552884615384616 0.4675480769230769 0.028846153846153848 0.06490384615384616
0 0.5901442307692307 0.4338942307692308 0.03125 0.055288461538461536
0 0.6550480769230769 0.41466346153846156 0.021634615384615384 0.04567307692307692
0 0.703125 0.3918269230769231 0.026442307692307692 0.06490384615384616
0 0.7451923076923077 0.3737980769230769 0.028846153846153848 0.04807692307692308
1 0.5252403846153846 0.37259615384615385 0.021634615384615384 0.05048076923076923
1 0.45552884615384615 0.3942307692307692 0.026442307692307692 0.057692307692307696
1 0.4050480769230769 0.4098557692307692 0.03365384615384615 0.06009615384615385
1 0.34375 0.421875 0.028846153846153848 0.057692307692307696
1 0.23557692307692307 0.4879807692307692 0.036057692307692304 0.057692307692307696
1 0.22115384615384615 0.5576923076923077 0.03125 0.06490384615384616
1 0.25721153846153844 0.5997596153846154 0.021634615384615384 0.08173076923076923
1 0.34615384615384615 0.6382211538461539 0.040865384615384616 0.0673076923076923
1 0.4495192307692308 0.6538461538461539 0.04326923076923077 0.07451923076923077
1 0.5673076923076923 0.7091346153846154 0.040865384615384616 0.09375
1 0.6262019230769231 0.7620192307692307 0.038461538461538464 0.10576923076923077
1 0.75 0.8737980769230769 0.05048076923076923 0.10336538461538461
1 0.8701923076923077 0.9651442307692307 0.07211538461538461 0.06490384615384616