0 0.9423076923076923 0.6658653846153846 0.04807692307692308 0.11538461538461539
0 0.8701923076923077 0.6189903846153846 0.038461538461538464 0.08653846153846154
0 0.7680288461538461 0.5528846153846154 0.038461538461538464 0.07451923076923077
0 0.6838942307692307 0.5372596153846154 0.040865384615384616 0.06971153846153846
0 0.5973557692307693 0.4987980769230769 0.038461538461538464 0.07451923076923077
0 0.5552884615384616 0.47115384615384615 0.03125 0.0673076923076923
0 0.5901442307692307 0.4362980769230769 0.026442307692307692 0.05048076923076923
0 0.6490384615384616 0.41947115384615385 0.03125 0.057692307692307696
0 0.7055288461538461 0.4026442307692308 0.02403846153846154 0.055288461538461536
0 0.7463942307692307 0.3786057692307692 0.021634615384615384 0.038461538461538464
1 0.5252403846153846 0.37259615384615385 0.019230769230769232 0.04807692307692308
1 0.453125 0.39302884615384615 0.036057692307692304 0.06009615384615385
1 0.4074519230769231 0.4110576923076923 0.021634615384615384 0.052884615384615384
1 0.34375 0.4338942307692308 0.028846153846153848 0.055288461538461536
1 0.23557692307692307 0.49278846153846156 0.03365384615384615 0.06009615384615385
1 0.22115384615384615 0.5637019230769231 0.036057692307692304 0.06971153846153846
1 0.25721153846153844 0.6081730769230769 0.036057692307692304 0.09615384615384616
1 0.3449519230769231 0.6442307692307693 0.04567307692307692 0.08413461538461539
1 0.453125 0.6682692307692307 0.040865384615384616 0.09134615384615384
1 0.5612980769230769 0.7163461538461539 0.040865384615384616 0.07932692307692307
1 0.6225961538461539 0.7620192307692307 0.040865384615384616 0.10817307692307693
1 0.75 0.8641826923076923 0.052884615384615384 0.11057692307692307
1 0.8689903846153846 0.9603365384615384 0.06490384615384616 0.07451923076923077