0 0.9387019230769231 0.6730769230769231 0.055288461538461536 0.11538461538461539
0 0.8677884615384616 0.6286057692307693 0.05048076923076923 0.09134615384615384
0 0.7620192307692307 0.5709134615384616 0.040865384615384616 0.08413461538461539
0 0.6838942307692307 0.5456730769230769 0.028846153846153848 0.06009615384615385
0 0.5973557692307693 0.5072115384615384 0.036057692307692304 0.055288461538461536
0 0.5516826923076923 0.46634615384615385 0.016826923076923076 0.04326923076923077
0 0.5865384615384616 0.4387019230769231 0.016826923076923076 0.04567307692307692
0 0.6526442307692307 0.42788461538461536 0.02403846153846154 0.04807692307692308
0 0.7055288461538461 0.4074519230769231 0.026442307692307692 0.057692307692307696
0 0.7475961538461539 0.3894230769230769 0.02403846153846154 0.055288461538461536
1 0.5276442307692307 0.3762019230769231 0.02403846153846154 0.04567307692307692
1 0.4543269230769231 0.3954326923076923 0.026442307692307692 0.04567307692307692
1 0.4050480769230769 0.4206730769230769 0.02403846153846154 0.040865384615384616
1 0.3401442307692308 0.43990384615384615 0.028846153846153848 0.055288461538461536
1 0.23677884615384615 0.49759615384615385 0.038461538461538464 0.07211538461538461
1 0.22115384615384615 0.5697115384615384 0.03365384615384615 0.06490384615384616
1 0.25721153846153844 0.6153846153846154 0.036057692307692304 0.08653846153846154
1 0.34375 0.6538461538461539 0.036057692307692304 0.07692307692307693
1 0.4543269230769231 0.6658653846153846 0.04807692307692308 0.08173076923076923
1 0.5600961538461539 0.7139423076923077 0.036057692307692304 0.08413461538461539
1 0.6189903846153846 0.7776442307692307 0.03125 0.0985576923076923
1 0.7536057692307693 0.8737980769230769 0.057692307692307696 0.10336538461538461
1 0.8653846153846154 0.9759615384615384 0.057692307692307696 0.04326923076923077