1 0.5228365384615384 0.37740384615384615 0.026442307692307692 0.055288461538461536
1 0.45552884615384615 0.40625 0.028846153846153848 0.0625
1 0.4014423076923077 0.42908653846153844 0.03125 0.06009615384615385
1 0.3401442307692308 0.4326923076923077 0.021634615384615384 0.028846153846153848
1 0.234375 0.5 0.040865384615384616 0.0673076923076923
1 0.22115384615384615 0.5661057692307693 0.03125 0.0625
1 0.25240384615384615 0.6141826923076923 0.026442307692307692 0.0625
1 0.3449519230769231 0.6442307692307693 0.03365384615384615 0.0673076923076923
1 0.453125 0.6610576923076923 0.038461538461538464 0.07451923076923077
1 0.5637019230769231 0.71875 0.04807692307692308 0.09134615384615384
1 0.6237980769230769 0.7752403846153846 0.04326923076923077 0.08173076923076923
1 0.7463942307692307 0.8786057692307693 0.05048076923076923 0.09615384615384616
1 0.8629807692307693 0.9783653846153846 0.052884615384615384 0.038461538461538464
0 0.7487980769230769 0.38461538461538464 0.03125 0.057692307692307696
0 0.7079326923076923 0.4098557692307692 0.03365384615384615 0.06971153846153846
0 0.6526442307692307 0.4338942307692308 0.038461538461538464 0.06971153846153846
0 0.5913461538461539 0.4519230769230769 0.021634615384615384 0.04326923076923077
0 0.5456730769230769 0.47115384615384615 0.028846153846153848 0.0673076923076923
0 0.5961538461538461 0.5096153846153846 0.03365384615384615 0.055288461538461536
0 0.6790865384615384 0.5480769230769231 0.03125 0.07692307692307693
0 0.7644230769230769 0.5733173076923077 0.04567307692307692 0.07692307692307693
0 0.8641826923076923 0.6225961538461539 0.052884615384615384 0.07932692307692307
0 0.9350961538461539 0.6862980769230769 0.052884615384615384 0.10096153846153846