1 0.015625 0.12139423076923077 0.03125 0.10216346153846154
1 0.20432692307692307 0.19230769230769232 0.09014423076923077 0.125
1 0.3701923076923077 0.18028846153846154 0.0889423076923077 0.12620192307692307
1 0.5120192307692307 0.15985576923076922 0.07932692307692307 0.109375
1 0.5913461538461539 0.13581730769230768 0.07451923076923077 0.10216346153846154
1 0.9723557692307693 0.07211538461538461 0.05048076923076923 0.08173076923076923
0 0.9507211538461539 0.31850961538461536 0.09375 0.15144230769230768
0 0.8870192307692307 0.27283653846153844 0.08413461538461539 0.14543269230769232
0 0.65625 0.6862980769230769 0.17067307692307693 0.2536057692307692
0 0.4098557692307692 0.8028846153846154 0.18870192307692307 0.30649038461538464
0 0.08653846153846154 0.8641826923076923 0.171875 0.2704326923076923