0 0.8870192307692307 0.6802884615384616 0.09134615384615384 0.15625
0 0.7355769230769231 0.640625 0.0889423076923077 0.1346153846153846
0 0.6875 0.5853365384615384 0.08052884615384616 0.12620192307692307
0 0.7668269230769231 0.5901442307692307 0.078125 0.1310096153846154
1 0.8028846153846154 0.16947115384615385 0.055288461538461536 0.0829326923076923
1 0.8882211538461539 0.171875 0.054086538461538464 0.078125
1 0.9459134615384616 0.171875 0.052884615384615384 0.08052884615384616
1 0.9026442307692307 0.14783653846153846 0.046875 0.06370192307692307
1 0.9867788461538461 0.1346153846153846 0.025240384615384616 0.078125
1 0.4411057692307692 0.3389423076923077 0.0673076923076923 0.10697115384615384
1 0.36899038461538464 0.39663461538461536 0.07091346153846154 0.11057692307692307
1 0.2283653846153846 0.44471153846153844 0.07692307692307693 0.12139423076923077
1 0.07692307692307693 0.47836538461538464 0.08774038461538461 0.12259615384615384