0 0.2956730769230769 0.26802884615384615 0.0625 0.09375
0 0.3004807692307692 0.3701923076923077 0.06971153846153846 0.10096153846153846
0 0.2920673076923077 0.5108173076923077 0.07692307692307693 0.11177884615384616
0 0.2800480769230769 0.625 0.07211538461538461 0.12740384615384615
0 0.24879807692307693 0.7692307692307693 0.09014423076923077 0.14182692307692307
0 0.3401442307692308 0.9603365384615384 0.11778846153846154 0.07451923076923077
1 0.6057692307692307 0.021634615384615384 0.038461538461538464 0.042067307692307696
1 0.6286057692307693 0.027644230769230768 0.038461538461538464 0.055288461538461536
1 0.6514423076923077 0.055288461538461536 0.042067307692307696 0.0673076923076923
1 0.6117788461538461 0.14302884615384615 0.046875 0.07932692307692307
1 0.6442307692307693 0.19831730769230768 0.051682692307692304 0.078125
1 0.6850961538461539 0.25600961538461536 0.056490384615384616 0.0829326923076923
1 0.7235576923076923 0.3317307692307692 0.056490384615384616 0.09134615384615384
1 0.7680288461538461 0.4266826923076923 0.06971153846153846 0.10216346153846154
1 0.9314903846153846 0.5961538461538461 0.08173076923076923 0.1201923076923077