1 0.40384615384615385 0.2932692307692308 0.036057692307692304 0.05889423076923077
1 0.44591346153846156 0.33052884615384615 0.03365384615384615 0.06009615384615385
1 0.4675480769230769 0.3473557692307692 0.036057692307692304 0.056490384615384616
1 0.4891826923076923 0.3713942307692308 0.040865384615384616 0.06610576923076923
1 0.44711538461538464 0.4651442307692308 0.04567307692307692 0.0733173076923077
1 0.5 0.5192307692307693 0.04927884615384615 0.07572115384615384
1 0.5444711538461539 0.5805288461538461 0.04927884615384615 0.078125
1 0.578125 0.6574519230769231 0.05889423076923077 0.07932692307692307
1 0.5793269230769231 0.7536057692307693 0.0673076923076923 0.09615384615384616
1 0.75 0.9230769230769231 0.08052884615384616 0.12259615384615384
1 0.9050480769230769 0.9375 0.08413461538461539 0.1201923076923077
0 0.12259615384615384 0.5997596153846154 0.06129807692307692 0.09615384615384616
0 0.11538461538461539 0.7091346153846154 0.06971153846153846 0.10216346153846154
0 0.1045673076923077 0.859375 0.08173076923076923 0.11538461538461539
0 0.07692307692307693 0.9579326923076923 0.08653846153846154 0.07932692307692307