0 0.3473557692307692 0.008413461538461538 0.03245192307692308 0.015625
0 0.3425480769230769 0.046875 0.026442307692307692 0.056490384615384616
0 0.3425480769230769 0.11778846153846154 0.028846153846153848 0.06490384615384616
0 0.33052884615384615 0.18269230769230768 0.04567307692307692 0.06850961538461539
0 0.33413461538461536 0.2620192307692308 0.05048076923076923 0.07692307692307693
0 0.3605769230769231 0.3894230769230769 0.05889423076923077 0.09254807692307693
0 0.41466346153846156 0.5144230769230769 0.05889423076923077 0.10576923076923077
0 0.5889423076923077 0.6370192307692307 0.07211538461538461 0.12740384615384615
0 0.7139423076923077 0.6514423076923077 0.07692307692307693 0.125
0 0.8305288461538461 0.6322115384615384 0.078125 0.11899038461538461
1 0.8966346153846154 0.1346153846153846 0.04447115384615385 0.06971153846153846
1 0.8497596153846154 0.15504807692307693 0.04567307692307692 0.06610576923076923
1 0.7644230769230769 0.15384615384615385 0.04326923076923077 0.06610576923076923
1 0.6862980769230769 0.1466346153846154 0.04447115384615385 0.06850961538461539
1 0.5877403846153846 0.06370192307692307 0.037259615384615384 0.057692307692307696
1 0.5540865384615384 0.02283653846153846 0.036057692307692304 0.04326923076923077