0 0.38341346153846156 0.4639423076923077 0.03365384615384615 0.04447115384615385
0 0.38221153846153844 0.5192307692307693 0.03485576923076923 0.054086538461538464
0 0.3798076923076923 0.5913461538461539 0.039663461538461536 0.06009615384615385
0 0.3701923076923077 0.6526442307692307 0.036057692307692304 0.06971153846153846
0 0.36658653846153844 0.7259615384615384 0.036057692307692304 0.07932692307692307
0 0.3870192307692308 0.8629807692307693 0.05889423076923077 0.10216346153846154
1 0.5132211538461539 0.30528846153846156 0.010817307692307692 0.030048076923076924
1 0.5492788461538461 0.34615384615384615 0.020432692307692308 0.03485576923076923
1 0.5396634615384616 0.33052884615384615 0.019230769230769232 0.03125
1 0.5300480769230769 0.32211538461538464 0.014423076923076924 0.027644230769230768
1 0.5336538461538461 0.390625 0.02403846153846154 0.037259615384615384
1 0.5588942307692307 0.4170673076923077 0.025240384615384616 0.036057692307692304
1 0.5673076923076923 0.4483173076923077 0.027644230769230768 0.040865384615384616
1 0.5745192307692307 0.4855769230769231 0.03125 0.04567307692307692
1 0.6081730769230769 0.5336538461538461 0.03485576923076923 0.05048076923076923
1 0.6959134615384616 0.6129807692307693 0.042067307692307696 0.06370192307692307
1 0.7740384615384616 0.6201923076923077 0.040865384615384616 0.06610576923076923
1 0.8569711538461539 0.6189903846153846 0.042067307692307696 0.06490384615384616
1 0.9074519230769231 0.6021634615384616 0.04447115384615385 0.0625