0 0.010817307692307692 0.859375 0.021634615384615384 0.11298076923076923
0 0.22235576923076922 0.8822115384615384 0.08774038461538461 0.14543269230769232
0 0.35336538461538464 0.8004807692307693 0.08052884615384616 0.13581730769230768
0 0.4495192307692308 0.703125 0.06370192307692307 0.11778846153846154
0 0.65625 0.41947115384615385 0.04567307692307692 0.0733173076923077
0 0.5877403846153846 0.38341346153846156 0.04567307692307692 0.07211538461538461
0 0.5709134615384616 0.35216346153846156 0.040865384615384616 0.06490384615384616
0 0.6105769230769231 0.3581730769230769 0.039663461538461536 0.0673076923076923
0 0.7956730769230769 0.20793269230769232 0.027644230769230768 0.052884615384615384
0 0.8233173076923077 0.21875 0.03245192307692308 0.054086538461538464
0 0.8653846153846154 0.23798076923076922 0.038461538461538464 0.055288461538461536
0 0.8521634615384616 0.2127403846153846 0.03365384615384615 0.04927884615384615
0 0.9158653846153846 0.2091346153846154 0.036057692307692304 0.054086538461538464
0 0.9699519230769231 0.19471153846153846 0.038461538461538464 0.056490384615384616
1 0.01201923076923077 0.030048076923076924 0.02283653846153846 0.038461538461538464
1 0.03125 0.038461538461538464 0.026442307692307692 0.039663461538461536
1 0.05048076923076923 0.051682692307692304 0.027644230769230768 0.039663461538461536
1 0.039663461538461536 0.11057692307692307 0.03485576923076923 0.046875
1 0.056490384615384616 0.14182692307692307 0.036057692307692304 0.04927884615384615
1 0.07572115384615384 0.17548076923076922 0.037259615384615384 0.052884615384615384
1 0.09495192307692307 0.21634615384615385 0.040865384615384616 0.057692307692307696
1 0.14783653846153846 0.2536057692307692 0.042067307692307696 0.06009615384615385
1 0.26322115384615385 0.3088942307692308 0.04447115384615385 0.06850961538461539
1 0.34134615384615385 0.28966346153846156 0.039663461538461536 0.06370192307692307
1 0.41225961538461536 0.2608173076923077 0.037259615384615384 0.057692307692307696
1 0.44711538461538464 0.23076923076923078 0.03365384615384615 0.055288461538461536
1 0.6298076923076923 0.13701923076923078 0.027644230769230768 0.04567307692307692
1 0.6706730769230769 0.140625 0.027644230769230768 0.046875
1 0.6850961538461539 0.1310096153846154 0.02283653846153846 0.04447115384615385
1 0.7055288461538461 0.140625 0.027644230769230768 0.04567307692307692
1 0.7331730769230769 0.11899038461538461 0.026442307692307692 0.042067307692307696
1 0.7680288461538461 0.10697115384615384 0.026442307692307692 0.04326923076923077
1 0.8004807692307693 0.09134615384615384 0.02283653846153846 0.03365384615384615
1 0.828125 0.07692307692307693 0.02403846153846154 0.03485576923076923
1 0.8557692307692307 0.06370192307692307 0.02283653846153846 0.03485576923076923
1 0.8665865384615384 0.046875 0.020432692307692308 0.03245192307692308