1 0.14783653846153846 0.609375 0.042067307692307696 0.06009615384615385
1 0.10216346153846154 0.65625 0.04807692307692308 0.0673076923076923
1 0.021634615384615384 0.7163461538461539 0.04326923076923077 0.078125
1 0.34615384615384615 0.47716346153846156 0.030048076923076924 0.042067307692307696
1 0.3870192307692308 0.4735576923076923 0.026442307692307692 0.039663461538461536
1 0.39903846153846156 0.46274038461538464 0.020432692307692308 0.038461538461538464
1 0.41947115384615385 0.4675480769230769 0.025240384615384616 0.042067307692307696
1 0.4411057692307692 0.44350961538461536 0.02283653846153846 0.038461538461538464
1 0.47115384615384615 0.4266826923076923 0.02283653846153846 0.036057692307692304
1 0.4963942307692308 0.4110576923076923 0.02283653846153846 0.028846153846153848
1 0.5192307692307693 0.39302884615384615 0.020432692307692308 0.030048076923076924
1 0.5384615384615384 0.3786057692307692 0.019230769230769232 0.028846153846153848
1 0.5456730769230769 0.36538461538461536 0.016826923076923076 0.026442307692307692
0 0.38822115384615385 0.7536057692307693 0.046875 0.078125
0 0.3161057692307692 0.7367788461538461 0.046875 0.078125
0 0.2956730769230769 0.7079326923076923 0.04326923076923077 0.06850961538461539
0 0.3389423076923077 0.7007211538461539 0.040865384615384616 0.06850961538461539
0 0.5024038461538461 0.5120192307692307 0.02403846153846154 0.04326923076923077
0 0.5252403846153846 0.5192307692307693 0.026442307692307692 0.046875
0 0.5480769230769231 0.5120192307692307 0.025240384615384616 0.042067307692307696
0 0.5588942307692307 0.5288461538461539 0.027644230769230768 0.04567307692307692
0 0.5961538461538461 0.49759615384615385 0.026442307692307692 0.04326923076923077
0 0.6358173076923077 0.47716346153846156 0.025240384615384616 0.039663461538461536
0 0.6971153846153846 0.4519230769230769 0.02283653846153846 0.036057692307692304
0 0.703125 0.4266826923076923 0.02283653846153846 0.030048076923076924
0 0.7019230769230769 0.4050480769230769 0.021634615384615384 0.026442307692307692