1 0.18509615384615385 0.3233173076923077 0.018028846153846152 0.02403846153846154
1 0.20793269230769232 0.33052884615384615 0.016826923076923076 0.025240384615384616
1 0.22355769230769232 0.33413461538461536 0.016826923076923076 0.025240384615384616
1 0.2403846153846154 0.33774038461538464 0.016826923076923076 0.02403846153846154
1 0.13581730769230768 0.34975961538461536 0.025240384615384616 0.02283653846153846
1 0.13701923076923078 0.36177884615384615 0.025240384615384616 0.026442307692307692
1 0.13221153846153846 0.375 0.028846153846153848 0.030048076923076924
1 0.12379807692307693 0.3894230769230769 0.03125 0.03365384615384615
1 0.09615384615384616 0.4110576923076923 0.037259615384615384 0.042067307692307696
1 0.11778846153846154 0.44711538461538464 0.04567307692307692 0.051682692307692304
1 0.19230769230769232 0.45072115384615385 0.039663461538461536 0.052884615384615384
1 0.2692307692307692 0.4483173076923077 0.03365384615384615 0.04927884615384615
1 0.3233173076923077 0.43990384615384615 0.030048076923076924 0.04567307692307692
1 0.5324519230769231 0.4266826923076923 0.02283653846153846 0.036057692307692304
1 0.5661057692307693 0.43149038461538464 0.021634615384615384 0.036057692307692304
1 0.5793269230769231 0.42788461538461536 0.016826923076923076 0.03245192307692308
1 0.59375 0.4362980769230769 0.021634615384615384 0.03485576923076923
1 0.6213942307692307 0.42908653846153844 0.01201923076923077 0.03125
1 0.6658653846153846 0.43149038461538464 0.021634615384615384 0.03125
1 0.6983173076923077 0.43028846153846156 0.019230769230769232 0.030048076923076924
1 0.7271634615384616 0.42908653846153844 0.019230769230769232 0.03125
1 0.7548076923076923 0.4266826923076923 0.018028846153846152 0.027644230769230768
1 0.7668269230769231 0.4206730769230769 0.015625 0.028846153846153848
0 0.3918269230769231 0.5901442307692307 0.05048076923076923 0.0829326923076923
0 0.33653846153846156 0.5528846153846154 0.046875 0.07211538461538461
0 0.3737980769230769 0.5324519230769231 0.040865384615384616 0.06009615384615385
0 0.33533653846153844 0.5192307692307693 0.040865384615384616 0.04567307692307692
0 0.6442307692307693 0.48197115384615385 0.028846153846153848 0.039663461538461536
0 0.6670673076923077 0.49759615384615385 0.030048076923076924 0.04927884615384615
0 0.6923076923076923 0.4951923076923077 0.025240384615384616 0.04447115384615385
0 0.7079326923076923 0.5132211538461539 0.03245192307692308 0.051682692307692304
0 0.7620192307692307 0.5072115384615384 0.03365384615384615 0.04807692307692308
0 0.8257211538461539 0.5108173076923077 0.03485576923076923 0.04807692307692308
0 0.9254807692307693 0.5180288461538461 0.03485576923076923 0.04326923076923077
0 0.953125 0.5060096153846154 0.03245192307692308 0.039663461538461536
0 0.9519230769230769 0.4855769230769231 0.03125 0.03125