0 0.03485576923076923 0.71875 0.06971153846153846 0.11658653846153846
0 0.016826923076923076 0.640625 0.03365384615384615 0.06971153846153846
0 0.390625 0.5048076923076923 0.026442307692307692 0.04447115384615385
0 0.41346153846153844 0.5108173076923077 0.027644230769230768 0.042067307692307696
0 0.4375 0.5072115384615384 0.02283653846153846 0.037259615384615384
0 0.4495192307692308 0.5216346153846154 0.030048076923076924 0.04807692307692308
0 0.4951923076923077 0.5048076923076923 0.026442307692307692 0.040865384615384616
0 0.5432692307692307 0.5 0.025240384615384616 0.039663461538461536
0 0.6069711538461539 0.49158653846153844 0.021634615384615384 0.03365384615384615
0 0.6225961538461539 0.47836538461538464 0.021634615384615384 0.030048076923076924
0 0.6213942307692307 0.46274038461538464 0.019230769230769232 0.021634615384615384
1 0.5012019230769231 0.42908653846153844 0.01201923076923077 0.02283653846153846
1 0.49399038461538464 0.4338942307692308 0.015625 0.021634615384615384
1 0.4723557692307692 0.43990384615384615 0.016826923076923076 0.026442307692307692
1 0.4483173076923077 0.44471153846153844 0.018028846153846152 0.027644230769230768
1 0.41586538461538464 0.4519230769230769 0.020432692307692308 0.03125
1 0.3762019230769231 0.4543269230769231 0.021634615384615384 0.03125
1 0.34134615384615385 0.46274038461538464 0.02403846153846154 0.03485576923076923
1 0.3245192307692308 0.45552884615384615 0.016826923076923076 0.03365384615384615
1 0.3125 0.46274038461538464 0.026442307692307692 0.037259615384615384
1 0.2704326923076923 0.46274038461538464 0.028846153846153848 0.038461538461538464