0 0.3004807692307692 0.40625 0.015625 0.03125
0 0.3016826923076923 0.4423076923076923 0.018028846153846152 0.036057692307692304
0 0.3016826923076923 0.4879807692307692 0.016826923076923076 0.040865384615384616
0 0.28725961538461536 0.5288461538461539 0.030048076923076924 0.04567307692307692
0 0.2920673076923077 0.5769230769230769 0.03245192307692308 0.05048076923076923
0 0.3173076923076923 0.6586538461538461 0.039663461538461536 0.0625
0 0.35096153846153844 0.7415865384615384 0.036057692307692304 0.07451923076923077
0 0.4651442307692308 0.796875 0.04447115384615385 0.08533653846153846
0 0.5384615384615384 0.7848557692307693 0.042067307692307696 0.08173076923076923
0 0.6009615384615384 0.7524038461538461 0.04326923076923077 0.07572115384615384
0 0.7584134615384616 0.6225961538461539 0.036057692307692304 0.06009615384615385
0 0.7091346153846154 0.5853365384615384 0.03125 0.04927884615384615
0 0.6947115384615384 0.5600961538461539 0.030048076923076924 0.042067307692307696
0 0.7235576923076923 0.5721153846153846 0.028846153846153848 0.04807692307692308
0 0.8713942307692307 0.5048076923076923 0.02403846153846154 0.03365384615384615
0 0.8918269230769231 0.5216346153846154 0.028846153846153848 0.037259615384615384
0 0.9182692307692307 0.5216346153846154 0.025240384615384616 0.03485576923076923
0 0.9290865384615384 0.5408653846153846 0.03125 0.038461538461538464
0 0.9735576923076923 0.5324519230769231 0.03245192307692308 0.040865384615384616
1 0.9314903846153846 0.40384615384615385 0.020432692307692308 0.027644230769230768
1 0.9242788461538461 0.41466346153846156 0.019230769230769232 0.026442307692307692
1 0.9038461538461539 0.421875 0.021634615384615384 0.026442307692307692
1 0.8810096153846154 0.4266826923076923 0.021634615384615384 0.021634615384615384
1 0.8521634615384616 0.4326923076923077 0.021634615384615384 0.028846153846153848
1 0.8197115384615384 0.4326923076923077 0.021634615384615384 0.03125
1 0.7980769230769231 0.4423076923076923 0.021634615384615384 0.028846153846153848
1 0.7836538461538461 0.4338942307692308 0.018028846153846152 0.030048076923076924
1 0.7716346153846154 0.4375 0.021634615384615384 0.026442307692307692
1 0.7427884615384616 0.43149038461538464 0.018028846153846152 0.026442307692307692
1 0.6141826923076923 0.46033653846153844 0.021634615384615384 0.03365384615384615
1 0.5925480769230769 0.47596153846153844 0.021634615384615384 0.037259615384615384
1 0.5504807692307693 0.48197115384615385 0.021634615384615384 0.038461538461538464
1 0.5072115384615384 0.4807692307692308 0.02403846153846154 0.039663461538461536
1 0.45552884615384615 0.4375 0.020432692307692308 0.028846153846153848
1 0.43509615384615385 0.4110576923076923 0.019230769230769232 0.030048076923076924
1 0.4206730769230769 0.3894230769230769 0.018028846153846152 0.030048076923076924
1 0.41466346153846156 0.3701923076923077 0.016826923076923076 0.026442307692307692
1 0.40625 0.35336538461538464 0.016826923076923076 0.025240384615384616
1 0.4254807692307692 0.32091346153846156 0.014423076923076924 0.02283653846153846
1 0.41466346153846156 0.3137019230769231 0.01201923076923077 0.02283653846153846
1 0.390625 0.29927884615384615 0.01201923076923077 0.019230769230769232
1 0.40625 0.3088942307692308 0.010817307692307692 0.016826923076923076