1 0.41346153846153844 0.39903846153846156 0.016826923076923076 0.026442307692307692
1 0.4375 0.39783653846153844 0.016826923076923076 0.025240384615384616
1 0.44471153846153844 0.3918269230769231 0.013221153846153846 0.025240384615384616
1 0.45913461538461536 0.3954326923076923 0.015625 0.025240384615384616
1 0.4723557692307692 0.38221153846153844 0.014423076923076924 0.02403846153846154
1 0.49158653846153844 0.37259615384615385 0.013221153846153846 0.02403846153846154
1 0.5108173076923077 0.36177884615384615 0.007211538461538462 0.020432692307692308
1 0.5216346153846154 0.35096153846153844 0.01201923076923077 0.018028846153846152
1 0.5336538461538461 0.34375 0.010817307692307692 0.018028846153846152
1 0.5372596153846154 0.3329326923076923 0.010817307692307692 0.016826923076923076
1 0.2956730769230769 0.4735576923076923 0.02283653846153846 0.039663461538461536
1 0.27163461538461536 0.5012019230769231 0.026442307692307692 0.040865384615384616
1 0.22355769230769232 0.53125 0.03125 0.04567307692307692
1 0.16105769230769232 0.5564903846153846 0.03485576923076923 0.04927884615384615
1 0.06610576923076923 0.5348557692307693 0.038461538461538464 0.04927884615384615
1 0.021634615384615384 0.5108173076923077 0.038461538461538464 0.04326923076923077
0 0.6334134615384616 0.3641826923076923 0.013221153846153846 0.018028846153846152
0 0.6370192307692307 0.37740384615384615 0.013221153846153846 0.018028846153846152
0 0.6298076923076923 0.39302884615384615 0.014423076923076924 0.021634615384615384
0 0.5901442307692307 0.40625 0.015625 0.02403846153846154
0 0.5673076923076923 0.4182692307692308 0.016826923076923076 0.026442307692307692
0 0.5432692307692307 0.4362980769230769 0.019230769230769232 0.028846153846153848
0 0.5372596153846154 0.4254807692307692 0.015625 0.025240384615384616
0 0.5228365384615384 0.43149038461538464 0.016826923076923076 0.028846153846153848
0 0.5096153846153846 0.4254807692307692 0.014423076923076924 0.02403846153846154
0 0.43990384615384615 0.5637019230769231 0.026442307692307692 0.046875
0 0.39663461538461536 0.5528846153846154 0.027644230769230768 0.04567307692307692
0 0.38341346153846156 0.5372596153846154 0.026442307692307692 0.04447115384615385
0 0.4098557692307692 0.5336538461538461 0.02403846153846154 0.039663461538461536
0 0.1310096153846154 0.9663461538461539 0.07451923076923077 0.0625
0 0.23557692307692307 0.8810096153846154 0.057692307692307696 0.0985576923076923
0 0.31009615384615385 0.7884615384615384 0.04927884615384615 0.08413461538461539