0 0.4362980769230769 0.38221153846153844 0.018028846153846152 0.030048076923076924
0 0.41225961538461536 0.3954326923076923 0.020432692307692308 0.03125
0 0.3858173076923077 0.41586538461538464 0.02403846153846154 0.039663461538461536
0 0.359375 0.43028846153846156 0.025240384615384616 0.040865384615384616
0 0.3245192307692308 0.4483173076923077 0.027644230769230768 0.04447115384615385
0 0.2932692307692308 0.4831730769230769 0.03365384615384615 0.051682692307692304
0 0.2536057692307692 0.5228365384615384 0.037259615384615384 0.057692307692307696
0 0.2668269230769231 0.5817307692307693 0.04927884615384615 0.07451923076923077
0 0.3245192307692308 0.6069711538461539 0.052884615384615384 0.08774038461538461
0 0.40024038461538464 0.625 0.054086538461538464 0.0889423076923077
0 0.8293269230769231 0.6502403846153846 0.07091346153846154 0.10336538461538461
0 0.7536057692307693 0.5841346153846154 0.055288461538461536 0.08653846153846154
0 0.7487980769230769 0.5480769230769231 0.04927884615384615 0.057692307692307696
0 0.796875 0.5733173076923077 0.05048076923076923 0.07692307692307693
1 0.7271634615384616 0.4579326923076923 0.03485576923076923 0.054086538461538464
1 0.6730769230769231 0.45913461538461536 0.03245192307692308 0.054086538461538464
1 0.609375 0.45072115384615385 0.030048076923076924 0.051682692307692304
1 0.5576923076923077 0.4423076923076923 0.030048076923076924 0.04326923076923077
1 0.5396634615384616 0.40865384615384615 0.02283653846153846 0.03245192307692308
1 0.5576923076923077 0.3942307692307692 0.020432692307692308 0.03245192307692308
1 0.5637019230769231 0.38221153846153844 0.016826923076923076 0.025240384615384616
1 0.5649038461538461 0.3701923076923077 0.016826923076923076 0.021634615384615384
1 0.5637019230769231 0.36177884615384615 0.015625 0.019230769230769232
1 0.5925480769230769 0.33653846153846156 0.010817307692307692 0.018028846153846152
1 0.6129807692307693 0.3425480769230769 0.01201923076923077 0.019230769230769232
1 0.625 0.3473557692307692 0.013221153846153846 0.02283653846153846
1 0.6370192307692307 0.3485576923076923 0.014423076923076924 0.020432692307692308