0 0.15384615384615385 0.3473557692307692 0.036057692307692304 0.04927884615384615
0 0.10576923076923077 0.3762019230769231 0.042067307692307696 0.055288461538461536
0 0.038461538461538464 0.41346153846153844 0.051682692307692304 0.06370192307692307
0 0.07451923076923077 0.8185096153846154 0.11899038461538461 0.17908653846153846
0 0.8149038461538461 0.6706730769230769 0.08774038461538461 0.1310096153846154
0 0.734375 0.6045673076923077 0.06610576923076923 0.11538461538461539
0 0.6814903846153846 0.6201923076923077 0.07211538461538461 0.1141826923076923
0 0.6682692307692307 0.578125 0.0673076923076923 0.0985576923076923
1 0.9903846153846154 0.42908653846153844 0.014423076923076924 0.06009615384615385
1 0.6298076923076923 0.4411057692307692 0.04567307692307692 0.07091346153846154
1 0.5540865384615384 0.453125 0.04807692307692308 0.07572115384615384
1 0.4579326923076923 0.4519230769230769 0.04567307692307692 0.0733173076923077
1 0.3737980769230769 0.4411057692307692 0.04567307692307692 0.07211538461538461
1 0.35096153846153844 0.39302884615384615 0.037259615384615384 0.06129807692307692
1 0.3713942307692308 0.36899038461538464 0.03245192307692308 0.05889423076923077
1 0.38341346153846156 0.34615384615384615 0.028846153846153848 0.04447115384615385
1 0.3870192307692308 0.328125 0.027644230769230768 0.042067307692307696
1 0.3786057692307692 0.3112980769230769 0.025240384615384616 0.03365384615384615
1 0.43149038461538464 0.27283653846153844 0.020432692307692308 0.030048076923076924
1 0.453125 0.28125 0.019230769230769232 0.030048076923076924
1 0.4675480769230769 0.2860576923076923 0.018028846153846152 0.03125
1 0.48197115384615385 0.29447115384615385 0.021634615384615384 0.03365384615384615