1 0.04326923076923077 0.5420673076923077 0.06850961538461539 0.09735576923076923
1 0.140625 0.515625 0.06009615384615385 0.078125
1 0.4951923076923077 0.44471153846153844 0.036057692307692304 0.052884615384615384
1 0.5504807692307693 0.44591346153846156 0.03485576923076923 0.055288461538461536
1 0.5685096153846154 0.43990384615384615 0.025240384615384616 0.05048076923076923
1 0.5949519230769231 0.4495192307692308 0.036057692307692304 0.05889423076923077
1 0.6382211538461539 0.43028846153846156 0.03125 0.05048076923076923
1 0.7007211538461539 0.4266826923076923 0.03365384615384615 0.05048076923076923
1 0.7584134615384616 0.4170673076923077 0.03245192307692308 0.046875
1 0.8040865384615384 0.40865384615384615 0.03245192307692308 0.040865384615384616
1 0.8485576923076923 0.4014423076923077 0.030048076923076924 0.039663461538461536
1 0.8617788461538461 0.3894230769230769 0.026442307692307692 0.040865384615384616
0 0.32572115384615385 0.6995192307692307 0.08173076923076923 0.13341346153846154
0 0.2439903846153846 0.6694711538461539 0.07211538461538461 0.11177884615384616
0 0.18509615384615385 0.7127403846153846 0.08653846153846154 0.1310096153846154
0 0.17307692307692307 0.6646634615384616 0.07692307692307693 0.10576923076923077
0 0.9603365384615384 0.5192307692307693 0.051682692307692304 0.07091346153846154
0 0.8653846153846154 0.5288461538461539 0.054086538461538464 0.07932692307692307
0 0.7860576923076923 0.5396634615384616 0.054086538461538464 0.07451923076923077
0 0.7560096153846154 0.5204326923076923 0.040865384615384616 0.06850961538461539
0 0.71875 0.5252403846153846 0.046875 0.06850961538461539
0 0.6790865384615384 0.5144230769230769 0.04326923076923077 0.06850961538461539