0 0.9399038461538461 0.9483173076923077 0.11538461538461539 0.0985576923076923
0 0.9050480769230769 0.9098557692307693 0.13701923076923078 0.17548076923076922
1 0.8365384615384616 0.609375 0.09134615384615384 0.14182692307692307
1 0.6826923076923077 0.625 0.09014423076923077 0.14783653846153846
1 0.49158653846153844 0.609375 0.08774038461538461 0.14543269230769232
1 0.3269230769230769 0.5913461538461539 0.08774038461538461 0.13581730769230768
1 0.27403846153846156 0.4951923076923077 0.07451923076923077 0.12139423076923077
1 0.328125 0.43509615384615385 0.0625 0.0985576923076923
1 0.3581730769230769 0.3894230769230769 0.057692307692307696 0.0829326923076923
1 0.36177884615384615 0.35336538461538464 0.054086538461538464 0.06370192307692307
1 0.3401442307692308 0.3293269230769231 0.04567307692307692 0.06850961538461539
1 0.4423076923076923 0.24158653846153846 0.038461538461538464 0.054086538461538464
1 0.48677884615384615 0.25841346153846156 0.038461538461538464 0.055288461538461536
1 0.5228365384615384 0.2668269230769231 0.036057692307692304 0.06370192307692307
1 0.5588942307692307 0.2800480769230769 0.038461538461538464 0.06009615384615385