1 0.1814903846153846 0.4675480769230769 0.04447115384615385 0.0625
1 0.24759615384615385 0.46274038461538464 0.039663461538461536 0.05889423076923077
1 0.29447115384615385 0.45913461538461536 0.038461538461538464 0.056490384615384616
1 0.265625 0.453125 0.030048076923076924 0.056490384615384616
1 0.33774038461538464 0.4423076923076923 0.019230769230769232 0.04807692307692308
1 0.4026442307692308 0.43509615384615385 0.03125 0.04807692307692308
1 0.4567307692307692 0.4254807692307692 0.027644230769230768 0.042067307692307696
1 0.5 0.41586538461538464 0.026442307692307692 0.039663461538461536
1 0.5408653846153846 0.4098557692307692 0.025240384615384616 0.037259615384615384
1 0.5492788461538461 0.39783653846153844 0.021634615384615384 0.039663461538461536
0 0.37740384615384615 0.5276442307692307 0.042067307692307696 0.06610576923076923
0 0.4170673076923077 0.5348557692307693 0.04326923076923077 0.06971153846153846
0 0.4483173076923077 0.5264423076923077 0.036057692307692304 0.06370192307692307
0 0.4807692307692308 0.5408653846153846 0.04326923076923077 0.07211538461538461
0 0.5408653846153846 0.5204326923076923 0.042067307692307696 0.06490384615384616
0 0.6189903846153846 0.5084134615384616 0.038461538461538464 0.06129807692307692
0 0.7247596153846154 0.49158653846153844 0.036057692307692304 0.054086538461538464
0 0.75 0.46875 0.030048076923076924 0.04326923076923077
0 0.7512019230769231 0.44471153846153844 0.028846153846153848 0.03365384615384615