0 0.6201923076923077 0.5829326923076923 0.14302884615384615 0.2247596153846154
0 0.37740384615384615 0.4795673076923077 0.12740384615384615 0.18389423076923078
0 0.24759615384615385 0.40024038461538464 0.10697115384615384 0.15985576923076922
0 0.10817307692307693 0.4050480769230769 0.10697115384615384 0.17427884615384615
0 0.1935096153846154 0.3713942307692308 0.08533653846153846 0.15264423076923078
0 0.2548076923076923 0.3317307692307692 0.08533653846153846 0.12379807692307693
1 0.8882211538461539 0.31971153846153844 0.06009615384615385 0.12379807692307693
1 0.7199519230769231 0.28966346153846156 0.09134615384615384 0.13942307692307693
1 0.5612980769230769 0.25961538461538464 0.06370192307692307 0.11298076923076923
1 0.5168269230769231 0.27403846153846156 0.07692307692307693 0.12259615384615384
1 0.4855769230769231 0.24759615384615385 0.0625 0.10336538461538461
1 0.44711538461538464 0.22716346153846154 0.06009615384615385 0.109375
1 0.3870192307692308 0.042067307692307696 0.03365384615384615 0.05048076923076923
1 0.26802884615384615 0.054086538461538464 0.03485576923076923 0.05048076923076923
1 0.140625 0.0673076923076923 0.03485576923076923 0.06009615384615385
1 0.30528846153846156 0.05048076923076923 0.03365384615384615 0.052884615384615384
1 0.3233173076923077 0.04567307692307692 0.025240384615384616 0.04927884615384615
1 0.06610576923076923 0.07451923076923077 0.027644230769230768 0.06009615384615385
1 0.007211538461538462 0.0829326923076923 0.013221153846153846 0.05889423076923077