1 0.46153846153846156 0.3954326923076923 0.010817307692307692 0.015625
1 0.4423076923076923 0.39783653846153844 0.010817307692307692 0.016826923076923076
1 0.43149038461538464 0.39903846153846156 0.010817307692307692 0.016826923076923076
1 0.41586538461538464 0.4014423076923077 0.010817307692307692 0.016826923076923076
1 0.3870192307692308 0.4050480769230769 0.009615384615384616 0.018028846153846152
1 0.36778846153846156 0.4098557692307692 0.013221153846153846 0.016826923076923076
1 0.34375 0.41225961538461536 0.014423076923076924 0.018028846153846152
1 0.31490384615384615 0.4170673076923077 0.014423076923076924 0.020432692307692308
1 0.2860576923076923 0.4230769230769231 0.014423076923076924 0.021634615384615384
1 0.27524038461538464 0.43509615384615385 0.019230769230769232 0.025240384615384616
1 0.2620192307692308 0.43149038461538464 0.016826923076923076 0.025240384615384616
1 0.3016826923076923 0.4375 0.019230769230769232 0.028846153846153848
1 0.3329326923076923 0.43509615384615385 0.020432692307692308 0.028846153846153848
1 0.5024038461538461 0.453125 0.02403846153846154 0.03485576923076923
1 0.49038461538461536 0.44711538461538464 0.018028846153846152 0.036057692307692304
1 0.4795673076923077 0.4423076923076923 0.016826923076923076 0.03245192307692308
1 0.515625 0.4495192307692308 0.020432692307692308 0.037259615384615384
1 0.5649038461538461 0.4567307692307692 0.025240384615384616 0.04326923076923077
1 0.6189903846153846 0.46033653846153844 0.021634615384615384 0.04326923076923077
1 0.7007211538461539 0.46634615384615385 0.03245192307692308 0.046875
1 0.7848557692307693 0.4723557692307692 0.037259615384615384 0.04927884615384615
1 0.8882211538461539 0.47596153846153844 0.04447115384615385 0.051682692307692304
1 0.984375 0.48197115384615385 0.026442307692307692 0.06009615384615385
0 0.2860576923076923 0.4098557692307692 0.01201923076923077 0.014423076923076924
0 0.25240384615384615 0.4170673076923077 0.014423076923076924 0.02283653846153846
0 0.21033653846153846 0.4230769230769231 0.016826923076923076 0.02283653846153846
0 0.17908653846153846 0.4266826923076923 0.018028846153846152 0.026442307692307692
0 0.14302884615384615 0.43149038461538464 0.020432692307692308 0.02403846153846154
0 0.09134615384615384 0.4411057692307692 0.02403846153846154 0.030048076923076924
0 0.1622596153846154 0.4699519230769231 0.03245192307692308 0.040865384615384616
0 0.042067307692307696 0.44471153846153844 0.019230769230769232 0.025240384615384616
0 0.037259615384615384 0.46634615384615385 0.03125 0.036057692307692304
0 0.016826923076923076 0.46153846153846156 0.026442307692307692 0.03245192307692308
0 0.19831730769230768 0.45913461538461536 0.020432692307692308 0.039663461538461536
0 0.21634615384615385 0.46274038461538464 0.026442307692307692 0.039663461538461536
0 0.22355769230769232 0.45072115384615385 0.018028846153846152 0.025240384615384616
0 0.36778846153846156 0.49399038461538464 0.03365384615384615 0.05048076923076923
0 0.39783653846153844 0.484375 0.027644230769230768 0.04447115384615385
0 0.4182692307692308 0.49278846153846156 0.03365384615384615 0.051682692307692304
0 0.41947115384615385 0.46875 0.025240384615384616 0.026442307692307692
0 0.46033653846153844 0.5132211538461539 0.039663461538461536 0.06009615384615385
0 0.5360576923076923 0.5396634615384616 0.046875 0.0733173076923077
0 0.7307692307692307 0.6177884615384616 0.07572115384615384 0.11538461538461539
0 0.9639423076923077 0.6442307692307693 0.0673076923076923 0.1201923076923077