1 0.9903846153846154 0.47716346153846156 0.018028846153846152 0.04927884615384615
1 0.9747596153846154 0.4855769230769231 0.036057692307692304 0.06009615384615385
1 0.9302884615384616 0.484375 0.037259615384615384 0.056490384615384616
1 0.8149038461538461 0.5012019230769231 0.036057692307692304 0.06490384615384616
1 0.7451923076923077 0.5024038461538461 0.036057692307692304 0.05889423076923077
1 0.6802884615384616 0.5072115384615384 0.040865384615384616 0.06370192307692307
1 0.59375 0.5144230769230769 0.04326923076923077 0.06971153846153846
1 0.6538461538461539 0.6153846153846154 0.055288461538461536 0.08653846153846154
1 0.5649038461538461 0.5997596153846154 0.052884615384615384 0.07932692307692307
1 0.515625 0.5204326923076923 0.040865384615384616 0.06610576923076923
1 0.4987980769230769 0.5757211538461539 0.04927884615384615 0.07932692307692307
1 0.45552884615384615 0.5552884615384616 0.046875 0.06850961538461539
0 0.5168269230769231 0.4735576923076923 0.036057692307692304 0.051682692307692304
0 0.4338942307692308 0.484375 0.036057692307692304 0.05889423076923077
0 0.33052884615384615 0.49278846153846156 0.038461538461538464 0.05889423076923077
0 0.25961538461538464 0.4963942307692308 0.042067307692307696 0.0625
0 0.17668269230769232 0.5 0.042067307692307696 0.06971153846153846
0 0.08533653846153846 0.5168269230769231 0.046875 0.07692307692307693
0 0.23918269230769232 0.6802884615384616 0.06850961538461539 0.10576923076923077
0 0.004807692307692308 0.5276442307692307 0.008413461538461538 0.06370192307692307
0 0.3088942307692308 0.6526442307692307 0.056490384615384616 0.09495192307692307
0 0.3545673076923077 0.6694711538461539 0.0625 0.1045673076923077
0 0.37259615384615385 0.6442307692307693 0.042067307692307696 0.0829326923076923
0 0.8149038461538461 0.9326923076923077 0.11057692307692307 0.12980769230769232
0 0.8918269230769231 0.9110576923076923 0.08774038461538461 0.14423076923076922
0 0.9447115384615384 0.8737980769230769 0.08774038461538461 0.11177884615384616
0 0.9459134615384616 0.9459134615384616 0.10697115384615384 0.10697115384615384