0 0.6995192307692307 0.9242788461538461 0.12980769230769232 0.1466346153846154
0 0.5576923076923077 0.8305288461538461 0.10336538461538461 0.17307692307692307
0 0.5612980769230769 0.7415865384615384 0.08774038461538461 0.12860576923076922
0 0.49759615384615385 0.7836538461538461 0.09254807692307693 0.1502403846153846
0 0.4014423076923077 0.8052884615384616 0.1045673076923077 0.16105769230769232
0 0.15264423076923078 0.38341346153846156 0.037259615384615384 0.054086538461538464
0 0.054086538461538464 0.40024038461538464 0.038461538461538464 0.06490384615384616
1 0.6875 0.3485576923076923 0.03365384615384615 0.055288461538461536
1 0.6153846153846154 0.3545673076923077 0.03125 0.051682692307692304
1 0.5829326923076923 0.3581730769230769 0.03365384615384615 0.055288461538461536
1 0.53125 0.359375 0.03245192307692308 0.052884615384615384
1 0.45552884615384615 0.3858173076923077 0.03125 0.056490384615384616
1 0.38822115384615385 0.3954326923076923 0.026442307692307692 0.057692307692307696
1 0.3233173076923077 0.4050480769230769 0.040865384615384616 0.06009615384615385
1 0.234375 0.41225961538461536 0.04326923076923077 0.06129807692307692
1 0.15865384615384615 0.4326923076923077 0.04447115384615385 0.06009615384615385
1 0.09254807692307693 0.47115384615384615 0.04807692307692308 0.0733173076923077
1 0.13701923076923078 0.4879807692307692 0.056490384615384616 0.07932692307692307
1 0.20552884615384615 0.5072115384615384 0.057692307692307696 0.08052884615384616
1 0.296875 0.5132211538461539 0.056490384615384616 0.08533653846153846
1 0.7548076923076923 0.6033653846153846 0.06490384615384616 0.11057692307692307
1 0.7932692307692307 0.6310096153846154 0.06610576923076923 0.10697115384615384
1 0.8269230769230769 0.6646634615384616 0.08173076923076923 0.11658653846153846
1 0.8725961538461539 0.6490384615384616 0.0673076923076923 0.11538461538461539