1 0.7235576923076923 0.5925480769230769 0.06009615384615385 0.08774038461538461
1 0.6334134615384616 0.5793269230769231 0.055288461538461536 0.08653846153846154
1 0.5661057692307693 0.5552884615384616 0.052884615384615384 0.07932692307692307
1 0.5288461538461539 0.5348557692307693 0.04567307692307692 0.07692307692307693
1 0.5889423076923077 0.5012019230769231 0.04326923076923077 0.06370192307692307
1 0.6586538461538461 0.4855769230769231 0.039663461538461536 0.06009615384615385
1 0.7463942307692307 0.4795673076923077 0.039663461538461536 0.06009615384615385
1 0.8173076923076923 0.47475961538461536 0.03245192307692308 0.057692307692307696
1 0.8858173076923077 0.4675480769230769 0.037259615384615384 0.06009615384615385
1 0.9627403846153846 0.43990384615384615 0.025240384615384616 0.056490384615384616
0 0.578125 0.4495192307692308 0.036057692307692304 0.051682692307692304
0 0.4891826923076923 0.46153846153846156 0.036057692307692304 0.05889423076923077
0 0.390625 0.47115384615384615 0.039663461538461536 0.06129807692307692
0 0.31971153846153844 0.47596153846153844 0.039663461538461536 0.06490384615384616
0 0.24639423076923078 0.4807692307692308 0.04326923076923077 0.0625
0 0.13942307692307693 0.5 0.04447115384615385 0.06610576923076923
0 0.057692307692307696 0.5132211538461539 0.046875 0.0673076923076923
0 0.015625 0.5240384615384616 0.03125 0.039663461538461536
0 0.02283653846153846 0.5576923076923077 0.04326923076923077 0.06971153846153846
0 0.05048076923076923 0.5829326923076923 0.055288461538461536 0.08533653846153846
0 0.28365384615384615 0.6490384615384616 0.0673076923076923 0.10336538461538461
0 0.3798076923076923 0.6322115384615384 0.052884615384615384 0.0985576923076923
0 0.41947115384615385 0.6514423076923077 0.0625 0.10576923076923077
0 0.4423076923076923 0.6201923076923077 0.037259615384615384 0.07451923076923077
0 0.8557692307692307 0.9158653846153846 0.10817307692307693 0.16105769230769232
0 0.9519230769230769 0.8930288461538461 0.09134615384615384 0.1466346153846154
0 0.9795673076923077 0.9375 0.036057692307692304 0.1201923076923077
0 0.9867788461538461 0.8341346153846154 0.025240384615384616 0.0673076923076923