0 0.5252403846153846 0.45913461538461536 0.018028846153846152 0.027644230769230768
0 0.47836538461538464 0.4639423076923077 0.019230769230769232 0.028846153846153848
0 0.42908653846153844 0.4699519230769231 0.020432692307692308 0.03245192307692308
0 0.3942307692307692 0.4735576923076923 0.020432692307692308 0.037259615384615384
0 0.35697115384615385 0.47716346153846156 0.021634615384615384 0.03245192307692308
0 0.30408653846153844 0.4855769230769231 0.02283653846153846 0.03365384615384615
0 0.3786057692307692 0.5576923076923077 0.03245192307692308 0.04807692307692308
0 0.2620192307692308 0.49158653846153844 0.02283653846153846 0.03365384615384615
0 0.23918269230769232 0.5048076923076923 0.02403846153846154 0.036057692307692304
0 0.24639423076923078 0.515625 0.02403846153846154 0.038461538461538464
0 0.2620192307692308 0.5264423076923077 0.02403846153846154 0.042067307692307696
0 0.4266826923076923 0.5480769230769231 0.027644230769230768 0.04447115384615385
0 0.44591346153846156 0.5625 0.030048076923076924 0.055288461538461536
0 0.4567307692307692 0.5456730769230769 0.016826923076923076 0.040865384615384616
0 0.6694711538461539 0.6923076923076923 0.052884615384615384 0.08052884615384616
0 0.7151442307692307 0.6778846153846154 0.04567307692307692 0.06850961538461539
0 0.7463942307692307 0.6610576923076923 0.04326923076923077 0.06129807692307692
0 0.7463942307692307 0.7115384615384616 0.057692307692307696 0.08653846153846154
0 0.8233173076923077 0.7908653846153846 0.07211538461538461 0.109375
0 0.9675480769230769 0.9146634615384616 0.06009615384615385 0.15144230769230768