0 0.6189903846153846 0.7139423076923077 0.09735576923076923 0.16706730769230768
0 0.4050480769230769 0.6141826923076923 0.0829326923076923 0.11899038461538461
0 0.265625 0.5336538461538461 0.07451923076923077 0.1045673076923077
0 0.23918269230769232 0.4423076923076923 0.040865384615384616 0.07091346153846154
0 0.23317307692307693 0.4050480769230769 0.04807692307692308 0.06370192307692307
0 0.24158653846153846 0.3786057692307692 0.036057692307692304 0.052884615384615384
0 0.21033653846153846 0.3605769230769231 0.036057692307692304 0.05889423076923077
0 0.2860576923076923 0.3629807692307692 0.02283653846153846 0.05048076923076923
0 0.24278846153846154 0.34975961538461536 0.03365384615384615 0.027644230769230768
0 0.13221153846153846 0.3088942307692308 0.027644230769230768 0.04326923076923077
0 0.15264423076923078 0.30408653846153844 0.025240384615384616 0.036057692307692304
0 0.1201923076923077 0.30408653846153844 0.021634615384615384 0.040865384615384616
0 0.0733173076923077 0.30528846153846156 0.03125 0.04326923076923077
0 0.020432692307692308 0.2692307692307692 0.025240384615384616 0.03365384615384615
0 0.0673076923076923 0.265625 0.026442307692307692 0.03245192307692308
0 0.12740384615384615 0.26322115384615385 0.02283653846153846 0.03125
0 0.1658653846153846 0.2608173076923077 0.021634615384615384 0.03245192307692308
0 0.20192307692307693 0.2608173076923077 0.019230769230769232 0.030048076923076924
0 0.30649038461538464 0.2608173076923077 0.015625 0.027644230769230768
1 0.9891826923076923 0.5204326923076923 0.020432692307692308 0.08173076923076923
1 0.8461538461538461 0.4795673076923077 0.05889423076923077 0.08653846153846154
1 0.7199519230769231 0.43990384615384615 0.05048076923076923 0.07211538461538461
1 0.625 0.41346153846153844 0.04326923076923077 0.06490384615384616
1 0.5408653846153846 0.3894230769230769 0.039663461538461536 0.0625
1 0.4879807692307692 0.3701923076923077 0.036057692307692304 0.057692307692307696
1 0.44711538461538464 0.3545673076923077 0.030048076923076924 0.05048076923076923
1 0.41586538461538464 0.3545673076923077 0.03125 0.052884615384615384
1 0.42788461538461536 0.33774038461538464 0.021634615384615384 0.026442307692307692
1 0.4338942307692308 0.3245192307692308 0.020432692307692308 0.02283653846153846
1 0.296875 0.29927884615384615 0.025240384615384616 0.036057692307692304
1 0.24158653846153846 0.28846153846153844 0.02283653846153846 0.03365384615384615
1 0.234375 0.2824519230769231 0.018028846153846152 0.03125
1 0.2860576923076923 0.27283653846153844 0.015625 0.030048076923076924
1 0.32211538461538464 0.27163461538461536 0.018028846153846152 0.028846153846153848
1 0.3629807692307692 0.2692307692307692 0.018028846153846152 0.026442307692307692
1 0.40024038461538464 0.2692307692307692 0.016826923076923076 0.02403846153846154
1 0.4375 0.2704326923076923 0.015625 0.028846153846153848
1 0.4831730769230769 0.25961538461538464 0.014423076923076924 0.020432692307692308
1 0.5060096153846154 0.2620192307692308 0.013221153846153846 0.021634615384615384
1 0.5252403846153846 0.2620192307692308 0.013221153846153846 0.021634615384615384
1 0.5673076923076923 0.2644230769230769 0.015625 0.020432692307692308