0 0.9038461538461539 0.9038461538461539 0.12980769230769232 0.1875
0 0.6213942307692307 0.765625 0.0889423076923077 0.14783653846153846
0 0.44471153846153844 0.6742788461538461 0.06850961538461539 0.10697115384615384
0 0.41346153846153844 0.5733173076923077 0.04927884615384615 0.08052884615384616
0 0.3942307692307692 0.53125 0.042067307692307696 0.0673076923076923
0 0.4266826923076923 0.4891826923076923 0.028846153846153848 0.057692307692307696
0 0.39783653846153844 0.5024038461538461 0.038461538461538464 0.051682692307692304
0 0.36778846153846156 0.4855769230769231 0.03245192307692308 0.054086538461538464
0 0.39903846153846156 0.4735576923076923 0.030048076923076924 0.026442307692307692
0 0.30408653846153844 0.43149038461538464 0.021634615384615384 0.037259615384615384
0 0.2848557692307692 0.4375 0.026442307692307692 0.039663461538461536
0 0.2764423076923077 0.42788461538461536 0.020432692307692308 0.03485576923076923
0 0.234375 0.4326923076923077 0.026442307692307692 0.039663461538461536
0 0.21995192307692307 0.3954326923076923 0.019230769230769232 0.03125
0 0.18269230769230768 0.4014423076923077 0.02403846153846154 0.03365384615384615
0 0.15504807692307693 0.4182692307692308 0.018028846153846152 0.03365384615384615
0 0.1466346153846154 0.41346153846153844 0.018028846153846152 0.03125
0 0.27283653846153844 0.3918269230769231 0.018028846153846152 0.03125
0 0.31009615384615385 0.38822115384615385 0.010817307692307692 0.028846153846153848
0 0.33774038461538464 0.3858173076923077 0.016826923076923076 0.028846153846153848
0 0.390625 0.38341346153846156 0.009615384615384616 0.027644230769230768
0 0.4326923076923077 0.3786057692307692 0.015625 0.02403846153846154
1 0.6923076923076923 0.3701923076923077 0.013221153846153846 0.02403846153846154
1 0.6490384615384616 0.36778846153846156 0.014423076923076924 0.026442307692307692
1 0.625 0.36899038461538464 0.013221153846153846 0.020432692307692308
1 0.6021634615384616 0.36778846153846156 0.010817307692307692 0.021634615384615384
1 0.5612980769230769 0.38100961538461536 0.015625 0.025240384615384616
1 0.5240384615384616 0.38461538461538464 0.016826923076923076 0.02283653846153846
1 0.4891826923076923 0.3858173076923077 0.016826923076923076 0.02403846153846154
1 0.5625 0.47115384615384615 0.03125 0.04447115384615385
1 0.5925480769230769 0.46875 0.028846153846153848 0.051682692307692304
1 0.5697115384615384 0.4543269230769231 0.02283653846153846 0.02403846153846154
1 0.5733173076923077 0.4423076923076923 0.025240384615384616 0.02283653846153846
1 0.6394230769230769 0.4879807692307692 0.036057692307692304 0.056490384615384616
1 0.6983173076923077 0.5084134615384616 0.042067307692307696 0.06971153846153846
1 0.7944711538461539 0.5324519230769231 0.04807692307692308 0.06971153846153846
1 0.9170673076923077 0.5697115384615384 0.05889423076923077 0.08413461538461539