0 0.6658653846153846 0.4855769230769231 0.1045673076923077 0.17307692307692307
0 0.4338942307692308 0.4375 0.08653846153846154 0.13581730769230768
0 0.2956730769230769 0.41225961538461536 0.0733173076923077 0.11658653846153846
0 0.27283653846153844 0.3557692307692308 0.036057692307692304 0.0673076923076923
0 0.2644230769230769 0.3425480769230769 0.037259615384615384 0.06129807692307692
0 0.24759615384615385 0.328125 0.036057692307692304 0.06490384615384616
0 0.32091346153846156 0.3233173076923077 0.027644230769230768 0.056490384615384616
0 0.2776442307692308 0.3161057692307692 0.025240384615384616 0.02403846153846154
0 0.2776442307692308 0.30408653846153844 0.02403846153846154 0.015625
0 0.1201923076923077 0.3088942307692308 0.027644230769230768 0.04567307692307692
0 0.11538461538461539 0.28725961538461536 0.02283653846153846 0.026442307692307692
0 0.17548076923076922 0.30528846153846156 0.027644230769230768 0.042067307692307696
0 0.1622596153846154 0.30408653846153844 0.016826923076923076 0.042067307692307696
0 0.17307692307692307 0.2800480769230769 0.021634615384615384 0.02403846153846154
0 0.19591346153846154 0.30288461538461536 0.025240384615384616 0.039663461538461536
0 0.21033653846153846 0.28125 0.019230769230769232 0.028846153846153848
0 0.24519230769230768 0.2764423076923077 0.018028846153846152 0.03125
0 0.07211538461538461 0.2932692307692308 0.02283653846153846 0.03365384615384615
0 0.039663461538461536 0.30288461538461536 0.018028846153846152 0.03365384615384615
0 0.03125 0.3004807692307692 0.019230769230769232 0.040865384615384616
0 0.3449519230769231 0.2692307692307692 0.014423076923076924 0.025240384615384616
1 0.9074519230769231 0.33052884615384615 0.06370192307692307 0.08653846153846154
1 0.7680288461538461 0.32211538461538464 0.051682692307692304 0.0733173076923077
1 0.6670673076923077 0.3173076923076923 0.042067307692307696 0.06490384615384616
1 0.5817307692307693 0.31490384615384615 0.039663461538461536 0.0625
1 0.5252403846153846 0.31009615384615385 0.037259615384615384 0.057692307692307696
1 0.6045673076923077 0.24879807692307693 0.014423076923076924 0.021634615384615384
1 0.5625 0.25 0.015625 0.021634615384615384
1 0.5420673076923077 0.2512019230769231 0.014423076923076924 0.019230769230769232
1 0.5192307692307693 0.25240384615384615 0.013221153846153846 0.019230769230769232
1 0.4735576923076923 0.26322115384615385 0.015625 0.02283653846153846
1 0.48197115384615385 0.3004807692307692 0.03125 0.04567307692307692
1 0.4519230769230769 0.3076923076923077 0.03125 0.04927884615384615
1 0.4639423076923077 0.28966346153846156 0.018028846153846152 0.021634615384615384
1 0.4362980769230769 0.265625 0.019230769230769232 0.028846153846153848
1 0.40024038461538464 0.2692307692307692 0.018028846153846152 0.030048076923076924
1 0.36177884615384615 0.27283653846153844 0.018028846153846152 0.027644230769230768
1 0.33533653846153844 0.28846153846153844 0.025240384615384616 0.03245192307692308
1 0.3245192307692308 0.27524038461538464 0.016826923076923076 0.027644230769230768
1 0.28125 0.2848557692307692 0.019230769230769232 0.03125
1 0.27283653846153844 0.2824519230769231 0.015625 0.03485576923076923
1 0.31009615384615385 0.2848557692307692 0.008413461538461538 0.026442307692307692