1 0.8533653846153846 0.09615384615384616 0.028846153846153848 0.04567307692307692
1 0.7704326923076923 0.0829326923076923 0.028846153846153848 0.04567307692307692
1 0.7127403846153846 0.07692307692307693 0.028846153846153848 0.046875
1 0.6670673076923077 0.0673076923076923 0.028846153846153848 0.042067307692307696
1 0.5889423076923077 0.08413461538461539 0.03125 0.042067307692307696
1 0.5120192307692307 0.07451923076923077 0.030048076923076924 0.04326923076923077
1 0.44471153846153844 0.06971153846153846 0.03365384615384615 0.05048076923076923
1 0.36658653846153844 0.06490384615384616 0.03365384615384615 0.04927884615384615
1 0.31490384615384615 0.09375 0.042067307692307696 0.06370192307692307
1 0.296875 0.06490384615384616 0.03365384615384615 0.052884615384615384
1 0.2644230769230769 0.08774038461538461 0.042067307692307696 0.0673076923076923
1 0.5 0.18389423076923078 0.056490384615384616 0.09134615384615384
1 0.5564903846153846 0.19110576923076922 0.057692307692307696 0.09375
1 0.5252403846153846 0.15985576923076922 0.03365384615384615 0.046875
1 0.5516826923076923 0.14783653846153846 0.036057692307692304 0.04927884615384615
1 0.640625 0.21754807692307693 0.0625 0.09975961538461539
1 0.7391826923076923 0.2536057692307692 0.07211538461538461 0.11658653846153846
1 0.8894230769230769 0.30408653846153844 0.08653846153846154 0.125
0 0.7355769230769231 0.6670673076923077 0.17307692307692307 0.2848557692307692
0 0.4074519230769231 0.4987980769230769 0.14302884615384615 0.2283653846153846
0 0.1814903846153846 0.37740384615384615 0.1201923076923077 0.19230769230769232
0 0.14783653846153846 0.24639423076923078 0.06370192307692307 0.09975961538461539
0 0.14423076923076922 0.20673076923076922 0.07211538461538461 0.0985576923076923
0 0.16826923076923078 0.15865384615384615 0.036057692307692304 0.04807692307692308
0 0.1502403846153846 0.13942307692307693 0.055288461538461536 0.05889423076923077
0 0.19951923076923078 0.16706730769230768 0.051682692307692304 0.08774038461538461
0 0.25600961538461536 0.171875 0.06129807692307692 0.09735576923076923
0 0.15264423076923078 0.03365384615384615 0.03245192307692308 0.046875
0 0.09134615384615384 0.027644230769230768 0.03245192307692308 0.046875
0 0.2548076923076923 0.036057692307692304 0.028846153846153848 0.04927884615384615
0 0.34134615384615385 0.04326923076923077 0.026442307692307692 0.04567307692307692
0 0.025240384615384616 0.021634615384615384 0.036057692307692304 0.042067307692307696
0 0.0625 0.078125 0.04447115384615385 0.0625
0 0.02283653846153846 0.08173076923076923 0.04567307692307692 0.07091346153846154