0 0.5745192307692307 0.7872596153846154 0.06971153846153846 0.12620192307692307
0 0.6454326923076923 0.9278846153846154 0.11778846153846154 0.14302884615384615
0 0.5516826923076923 0.7283653846153846 0.07692307692307693 0.12379807692307693
0 0.5673076923076923 0.6778846153846154 0.06971153846153846 0.10697115384615384
0 0.5805288461538461 0.6502403846153846 0.054086538461538464 0.09254807692307693
0 0.5396634615384616 0.6358173076923077 0.051682692307692304 0.08774038461538461
0 0.6538461538461539 0.6526442307692307 0.03365384615384615 0.10576923076923077
0 0.6766826923076923 0.4483173076923077 0.03125 0.04807692307692308
0 0.49759615384615385 0.47115384615384615 0.03245192307692308 0.05048076923076923
0 0.44350961538461536 0.4807692307692308 0.03125 0.046875
0 0.38341346153846156 0.4879807692307692 0.030048076923076924 0.054086538461538464
0 0.2920673076923077 0.5 0.03485576923076923 0.05048076923076923
0 0.3449519230769231 0.5552884615384616 0.04326923076923077 0.0733173076923077
0 0.3954326923076923 0.5685096153846154 0.042067307692307696 0.06971153846153846
0 0.4266826923076923 0.5516826923076923 0.039663461538461536 0.0625
0 0.3858173076923077 0.5504807692307693 0.036057692307692304 0.055288461538461536
0 0.22716346153846154 0.5132211538461539 0.03485576923076923 0.052884615384615384
0 0.1935096153846154 0.5456730769230769 0.037259615384615384 0.05889423076923077
0 0.17427884615384615 0.5336538461538461 0.027644230769230768 0.04567307692307692
1 0.8810096153846154 0.6117788461538461 0.0625 0.09134615384615384
1 0.9447115384615384 0.6033653846153846 0.0625 0.08774038461538461
1 0.9026442307692307 0.5757211538461539 0.04326923076923077 0.04927884615384615
1 0.9326923076923077 0.5576923076923077 0.051682692307692304 0.04807692307692308
1 0.9350961538461539 0.44471153846153844 0.037259615384615384 0.051682692307692304
1 0.8545673076923077 0.45072115384615385 0.040865384615384616 0.052884615384615384
1 0.7836538461538461 0.46033653846153844 0.03485576923076923 0.052884615384615384
1 0.7067307692307693 0.46634615384615385 0.03365384615384615 0.05048076923076923
1 0.6682692307692307 0.5228365384615384 0.04447115384615385 0.06129807692307692
1 0.6490384615384616 0.4807692307692308 0.015625 0.052884615384615384
1 0.5649038461538461 0.5120192307692307 0.038461538461538464 0.055288461538461536
1 0.5456730769230769 0.5060096153846154 0.03125 0.06009615384615385