1 0.7415865384615384 0.39783653846153844 0.03365384615384615 0.04927884615384615
1 0.6622596153846154 0.39783653846153844 0.026442307692307692 0.040865384615384616
1 0.609375 0.39903846153846156 0.027644230769230768 0.04326923076923077
1 0.5612980769230769 0.39783653846153844 0.026442307692307692 0.038461538461538464
1 0.48197115384615385 0.42908653846153844 0.025240384615384616 0.039663461538461536
1 0.4110576923076923 0.4362980769230769 0.03365384615384615 0.04807692307692308
1 0.34375 0.44350961538461536 0.03485576923076923 0.046875
1 0.27163461538461536 0.4543269230769231 0.03125 0.05048076923076923
1 0.20072115384615385 0.4639423076923077 0.03125 0.052884615384615384
1 0.1875 0.5036057692307693 0.039663461538461536 0.0625
1 0.23317307692307693 0.5084134615384616 0.04326923076923077 0.06009615384615385
1 0.09495192307692307 0.49399038461538464 0.039663461538461536 0.06610576923076923
1 0.12740384615384615 0.5012019230769231 0.018028846153846152 0.06370192307692307
1 0.47596153846153844 0.5877403846153846 0.052884615384615384 0.07451923076923077
1 0.4206730769230769 0.5985576923076923 0.05889423076923077 0.08533653846153846
1 0.4362980769230769 0.5661057692307693 0.037259615384615384 0.054086538461538464
1 0.46875 0.5444711538461539 0.04447115384615385 0.06610576923076923
1 0.5805288461538461 0.6069711538461539 0.06370192307692307 0.09975961538461539
1 0.6887019230769231 0.6370192307692307 0.06610576923076923 0.1045673076923077
1 0.84375 0.6694711538461539 0.07451923076923077 0.11658653846153846
1 0.9915865384615384 0.7211538461538461 0.015625 0.11057692307692307
0 0.24158653846153846 0.43509615384615385 0.028846153846153848 0.04807692307692308
0 0.05048076923076923 0.4519230769230769 0.03365384615384615 0.05889423076923077
0 0.19110576923076922 0.6310096153846154 0.055288461538461536 0.09735576923076923
0 0.0829326923076923 0.6286057692307693 0.051682692307692304 0.08653846153846154
0 0.1141826923076923 0.6105769230769231 0.040865384615384616 0.03485576923076923
0 0.1045673076923077 0.6670673076923077 0.054086538461538464 0.09134615384615384
0 0.08653846153846154 0.7223557692307693 0.08052884615384616 0.11538461538461539
0 0.09975961538461539 0.7836538461538461 0.0625 0.13701923076923078
0 0.16466346153846154 0.9182692307692307 0.12259615384615384 0.15865384615384615
0 0.3942307692307692 0.9711538461538461 0.11538461538461539 0.052884615384615384