0 0.6646634615384616 0.7704326923076923 0.0889423076923077 0.14783653846153846
0 0.4891826923076923 0.6814903846153846 0.07091346153846154 0.1141826923076923
0 0.36899038461538464 0.6225961538461539 0.06490384615384616 0.09014423076923077
0 0.3293269230769231 0.5540865384615384 0.042067307692307696 0.06490384615384616
0 0.3762019230769231 0.48197115384615385 0.026442307692307692 0.051682692307692304
0 0.31850961538461536 0.5216346153846154 0.040865384615384616 0.057692307692307696
0 0.328125 0.49399038461538464 0.03485576923076923 0.040865384615384616
0 0.33653846153846156 0.47475961538461536 0.02283653846153846 0.03125
0 0.32211538461538464 0.4723557692307692 0.026442307692307692 0.038461538461538464
0 0.39663461538461536 0.38341346153846156 0.015625 0.02283653846153846
0 0.30408653846153844 0.3918269230769231 0.018028846153846152 0.025240384615384616
0 0.27283653846153844 0.3954326923076923 0.016826923076923076 0.030048076923076924
0 0.24158653846153846 0.39783653846153844 0.019230769230769232 0.026442307692307692
0 0.18870192307692307 0.4050480769230769 0.019230769230769232 0.027644230769230768
0 0.1502403846153846 0.4098557692307692 0.020432692307692308 0.028846153846153848
0 0.1201923076923077 0.42908653846153844 0.018028846153846152 0.030048076923076924
0 0.109375 0.4254807692307692 0.018028846153846152 0.03125
0 0.24278846153846154 0.44350961538461536 0.02403846153846154 0.042067307692307696
0 0.23557692307692307 0.42788461538461536 0.021634615384615384 0.030048076923076924
0 0.2620192307692308 0.4362980769230769 0.02283653846153846 0.036057692307692304
1 0.9206730769230769 0.5612980769230769 0.06009615384615385 0.0733173076923077
1 0.8040865384615384 0.5288461538461539 0.05048076923076923 0.07692307692307693
1 0.7079326923076923 0.5048076923076923 0.040865384615384616 0.0625
1 0.6274038461538461 0.484375 0.036057692307692304 0.051682692307692304
1 0.5661057692307693 0.4735576923076923 0.03485576923076923 0.046875
1 0.6478365384615384 0.36778846153846156 0.014423076923076924 0.021634615384615384
1 0.6081730769230769 0.36899038461538464 0.015625 0.02283653846153846
1 0.5793269230769231 0.3701923076923077 0.014423076923076924 0.019230769230769232
1 0.5564903846153846 0.36658653846153844 0.013221153846153846 0.019230769230769232
1 0.5180288461538461 0.38341346153846156 0.014423076923076924 0.026442307692307692
1 0.4831730769230769 0.3870192307692308 0.015625 0.026442307692307692
1 0.4495192307692308 0.3894230769230769 0.016826923076923076 0.026442307692307692
1 0.4110576923076923 0.39302884615384615 0.015625 0.030048076923076924
1 0.3762019230769231 0.3954326923076923 0.018028846153846152 0.026442307692307692
1 0.3762019230769231 0.41586538461538464 0.020432692307692308 0.030048076923076924
1 0.40024038461538464 0.4182692307692308 0.020432692307692308 0.030048076923076924
1 0.328125 0.40865384615384615 0.019230769230769232 0.028846153846153848
1 0.4891826923076923 0.4639423076923077 0.026442307692307692 0.04447115384615385
1 0.515625 0.46033653846153844 0.028846153846153848 0.04326923076923077
1 0.4987980769230769 0.44711538461538464 0.019230769230769232 0.02283653846153846
1 0.5108173076923077 0.4375 0.020432692307692308 0.020432692307692308