1 0.9302884615384616 0.4182692307692308 0.038461538461538464 0.056490384615384616
1 0.8858173076923077 0.4182692307692308 0.03245192307692308 0.057692307692307696
1 0.7860576923076923 0.4639423076923077 0.040865384615384616 0.06129807692307692
1 0.7127403846153846 0.46875 0.039663461538461536 0.05889423076923077
1 0.6430288461538461 0.4735576923076923 0.039663461538461536 0.06009615384615385
1 0.5649038461538461 0.48197115384615385 0.037259615384615384 0.06009615384615385
1 0.49399038461538464 0.4963942307692308 0.042067307692307696 0.05889423076923077
1 0.43509615384615385 0.5372596153846154 0.04326923076923077 0.07572115384615384
1 0.47596153846153844 0.5588942307692307 0.04927884615384615 0.078125
1 0.5432692307692307 0.578125 0.05048076923076923 0.08173076923076923
1 0.6334134615384616 0.5997596153846154 0.056490384615384616 0.08774038461538461
0 0.48677884615384615 0.4423076923076923 0.036057692307692304 0.05048076923076923
0 0.3942307692307692 0.4567307692307692 0.038461538461538464 0.06009615384615385
0 0.2920673076923077 0.4675480769230769 0.038461538461538464 0.055288461538461536
0 0.22355769230769232 0.4735576923076923 0.039663461538461536 0.051682692307692304
0 0.15264423076923078 0.484375 0.042067307692307696 0.052884615384615384
0 0.042067307692307696 0.5036057692307693 0.046875 0.06850961538461539
0 0.23317307692307693 0.6213942307692307 0.05889423076923077 0.0889423076923077
0 0.3269230769230769 0.6598557692307693 0.057692307692307696 0.09014423076923077
0 0.32572115384615385 0.6117788461538461 0.051682692307692304 0.04807692307692308
0 0.37259615384615385 0.6370192307692307 0.055288461538461536 0.0889423076923077
0 0.7307692307692307 0.8737980769230769 0.09254807692307693 0.15144230769230768
0 0.8245192307692307 0.8966346153846154 0.09014423076923077 0.12980769230769232
0 0.9074519230769231 0.8653846153846154 0.08774038461538461 0.12620192307692307
0 0.9230769230769231 0.9459134615384616 0.10576923076923077 0.10697115384615384