0 0.6875 0.8413461538461539 0.14423076923076922 0.22716346153846154
0 0.46274038461538464 0.6911057692307693 0.11538461538461539 0.17067307692307693
0 0.3473557692307692 0.5901442307692307 0.09615384615384616 0.16346153846153846
0 0.3449519230769231 0.4855769230769231 0.09375 0.12740384615384615
0 0.26802884615384615 0.5252403846153846 0.09975961538461539 0.15264423076923078
0 0.17548076923076922 0.5036057692307693 0.09014423076923077 0.1502403846153846
1 0.09014423076923077 0.25721153846153844 0.06490384615384616 0.09375
1 0.009615384615384616 0.2536057692307692 0.018028846153846152 0.08533653846153846
1 0.019230769230769232 0.14903846153846154 0.037259615384615384 0.06370192307692307
1 0.10216346153846154 0.13701923076923078 0.04326923076923077 0.057692307692307696
1 0.17668269230769232 0.12980769230769232 0.03245192307692308 0.057692307692307696
1 0.24278846153846154 0.125 0.009615384615384616 0.04447115384615385
1 0.3137019230769231 0.08052884615384616 0.030048076923076924 0.05048076923076923
1 0.3629807692307692 0.078125 0.03125 0.051682692307692304
1 0.39783653846153844 0.07451923076923077 0.03125 0.05048076923076923
1 0.484375 0.07692307692307693 0.028846153846153848 0.04447115384615385
1 0.9591346153846154 0.46875 0.03245192307692308 0.12139423076923077
1 0.8028846153846154 0.43028846153846156 0.08533653846153846 0.14423076923076922
1 0.5865384615384616 0.4098557692307692 0.07692307692307693 0.11899038461538461
1 0.640625 0.3894230769230769 0.0673076923076923 0.12259615384615384
1 0.5733173076923077 0.3713942307692308 0.06971153846153846 0.10096153846153846
1 0.5360576923076923 0.3401442307692308 0.06370192307692307 0.12259615384615384