1 0.7331730769230769 0.4170673076923077 0.018028846153846152 0.026442307692307692
1 0.6862980769230769 0.4182692307692308 0.015625 0.02403846153846154
1 0.6550480769230769 0.41346153846153844 0.015625 0.026442307692307692
1 0.6237980769230769 0.41225961538461536 0.01201923076923077 0.02283653846153846
1 0.6177884615384616 0.4362980769230769 0.018028846153846152 0.030048076923076924
1 0.5805288461538461 0.4411057692307692 0.018028846153846152 0.025240384615384616
1 0.5432692307692307 0.44350961538461536 0.020432692307692308 0.030048076923076924
1 0.5036057692307693 0.4483173076923077 0.020432692307692308 0.028846153846153848
1 0.5396634615384616 0.5012019230769231 0.026442307692307692 0.038461538461538464
1 0.49759615384615385 0.49759615384615385 0.025240384615384616 0.039663461538461536
1 0.4735576923076923 0.45552884615384615 0.020432692307692308 0.03125
1 0.4567307692307692 0.48677884615384615 0.026442307692307692 0.042067307692307696
1 0.4423076923076923 0.47716346153846156 0.020432692307692308 0.036057692307692304
1 0.7764423076923077 0.5721153846153846 0.03365384615384615 0.06009615384615385
1 0.7992788461538461 0.5877403846153846 0.037259615384615384 0.057692307692307696
1 0.8112980769230769 0.6117788461538461 0.04326923076923077 0.06610576923076923
1 0.8413461538461539 0.6057692307692307 0.040865384615384616 0.06971153846153846
1 0.9483173076923077 0.6514423076923077 0.054086538461538464 0.08774038461538461
0 0.4651442307692308 0.42908653846153844 0.018028846153846152 0.030048076923076924
0 0.41947115384615385 0.4362980769230769 0.021634615384615384 0.036057692307692304
0 0.36658653846153844 0.4423076923076923 0.02283653846153846 0.028846153846153848
0 0.3317307692307692 0.44471153846153844 0.02283653846153846 0.036057692307692304
0 0.2980769230769231 0.44711538461538464 0.021634615384615384 0.03365384615384615
0 0.2403846153846154 0.46033653846153844 0.025240384615384616 0.040865384615384616
0 0.33533653846153844 0.5180288461538461 0.03125 0.052884615384615384
0 0.19951923076923078 0.4675480769230769 0.02403846153846154 0.039663461538461536
0 0.1971153846153846 0.5060096153846154 0.027644230769230768 0.046875
0 0.1778846153846154 0.4987980769230769 0.025240384615384616 0.04326923076923077
0 0.17067307692307693 0.48197115384615385 0.026442307692307692 0.038461538461538464
0 0.3786057692307692 0.5216346153846154 0.027644230769230768 0.04326923076923077
0 0.3858173076923077 0.5396634615384616 0.03125 0.054086538461538464
0 0.4050480769230769 0.5228365384615384 0.026442307692307692 0.046875
0 0.5877403846153846 0.6370192307692307 0.04447115384615385 0.07211538461538461
0 0.6310096153846154 0.6478365384615384 0.04326923076923077 0.07211538461538461
0 0.6742788461538461 0.6394230769230769 0.046875 0.06610576923076923
0 0.671875 0.6911057692307693 0.052884615384615384 0.08653846153846154
0 0.7487980769230769 0.7716346153846154 0.0673076923076923 0.109375
0 0.8918269230769231 0.8882211538461539 0.09014423076923077 0.15144230769230768