0 0.8317307692307693 0.8629807692307693 0.11177884615384616 0.18389423076923078
0 0.5552884615384616 0.6478365384615384 0.06850961538461539 0.12740384615384615
0 0.4362980769230769 0.5757211538461539 0.0625 0.10697115384615384
0 0.3737980769230769 0.5144230769230769 0.054086538461538464 0.0889423076923077
0 0.37740384615384615 0.46274038461538464 0.046875 0.0733173076923077
0 0.33653846153846156 0.4807692307692308 0.04927884615384615 0.07451923076923077
0 0.28966346153846156 0.4723557692307692 0.05048076923076923 0.08653846153846154
0 0.16105769230769232 0.26802884615384615 0.02283653846153846 0.03245192307692308
0 0.0985576923076923 0.27283653846153844 0.02403846153846154 0.03365384615384615
0 0.027644230769230768 0.28725961538461536 0.026442307692307692 0.040865384615384616
0 0.051682692307692304 0.3954326923076923 0.039663461538461536 0.0625
0 0.06971153846153846 0.38221153846153844 0.026442307692307692 0.051682692307692304
0 0.03485576923076923 0.38341346153846156 0.038461538461538464 0.054086538461538464
1 0.9675480769230769 0.5132211538461539 0.05889423076923077 0.09254807692307693
1 0.8269230769230769 0.48677884615384615 0.052884615384615384 0.0889423076923077
1 0.7019230769230769 0.45913461538461536 0.04807692307692308 0.06971153846153846
1 0.609375 0.4362980769230769 0.04326923076923077 0.06971153846153846
1 0.5276442307692307 0.41466346153846156 0.036057692307692304 0.057692307692307696
1 0.5012019230769231 0.4206730769230769 0.037259615384615384 0.05889423076923077
1 0.49158653846153844 0.40384615384615385 0.03365384615384615 0.054086538461538464
1 0.47716346153846156 0.38461538461538464 0.03365384615384615 0.05048076923076923
1 0.4495192307692308 0.24879807692307693 0.015625 0.02403846153846154
1 0.4050480769230769 0.24879807692307693 0.016826923076923076 0.030048076923076924
1 0.3713942307692308 0.24879807692307693 0.018028846153846152 0.028846153846153848
1 0.3473557692307692 0.24759615384615385 0.015625 0.025240384615384616
1 0.29086538461538464 0.27403846153846156 0.019230769230769232 0.030048076923076924
1 0.32572115384615385 0.27163461538461536 0.003605769230769231 0.025240384615384616
1 0.2512019230769231 0.2776442307692308 0.02403846153846154 0.03245192307692308
1 0.24639423076923078 0.3449519230769231 0.03125 0.051682692307692304
1 0.20793269230769232 0.28725961538461536 0.025240384615384616 0.03245192307692308
1 0.19591346153846154 0.34134615384615385 0.030048076923076924 0.04326923076923077
1 0.16947115384615385 0.2980769230769231 0.025240384615384616 0.037259615384615384
1 0.1502403846153846 0.3317307692307692 0.03245192307692308 0.04326923076923077
1 0.11899038461538461 0.31850961538461536 0.030048076923076924 0.04567307692307692