1 0.7223557692307693 0.33653846153846156 0.04807692307692308 0.07091346153846154
1 0.6177884615384616 0.33533653846153844 0.05048076923076923 0.07932692307692307
1 0.5048076923076923 0.33774038461538464 0.04927884615384615 0.07211538461538461
1 0.390625 0.33653846153846156 0.04927884615384615 0.07692307692307693
1 0.2824519230769231 0.3245192307692308 0.05048076923076923 0.078125
1 0.17427884615384615 0.3233173076923077 0.06009615384615385 0.08653846153846154
1 0.0733173076923077 0.30649038461538464 0.04807692307692308 0.0733173076923077
1 0.03125 0.3269230769230769 0.051682692307692304 0.0889423076923077
1 0.025240384615384616 0.296875 0.046875 0.054086538461538464
1 0.014423076923076924 0.28125 0.028846153846153848 0.055288461538461536
0 0.06971153846153846 0.5625 0.10096153846153846 0.14903846153846154
0 0.35336538461538464 0.6706730769230769 0.09495192307692307 0.1658653846153846
0 0.6237980769230769 0.6538461538461539 0.08653846153846154 0.15144230769230768
0 0.8389423076923077 0.6141826923076923 0.0889423076923077 0.15865384615384615