0 0.019230769230769232 0.4519230769230769 0.03245192307692308 0.0625
0 0.0733173076923077 0.47475961538461536 0.040865384615384616 0.06370192307692307
0 0.14423076923076922 0.4951923076923077 0.039663461538461536 0.0625
0 0.1875 0.515625 0.04326923076923077 0.06370192307692307
0 0.25240384615384615 0.5288461538461539 0.04447115384615385 0.06490384615384616
0 0.35336538461538464 0.5576923076923077 0.04447115384615385 0.0673076923076923
0 0.4387019230769231 0.5661057692307693 0.04326923076923077 0.07091346153846154
0 0.5408653846153846 0.5625 0.037259615384615384 0.06610576923076923
0 0.5721153846153846 0.5480769230769231 0.03125 0.052884615384615384
0 0.5925480769230769 0.5324519230769231 0.028846153846153848 0.06129807692307692
0 0.5588942307692307 0.4735576923076923 0.025240384615384616 0.051682692307692304
0 0.5841346153846154 0.4831730769230769 0.030048076923076924 0.04927884615384615
0 0.6610576923076923 0.4326923076923077 0.02403846153846154 0.040865384615384616
0 0.6418269230769231 0.4266826923076923 0.019230769230769232 0.038461538461538464
0 0.6947115384615384 0.4254807692307692 0.020432692307692308 0.03485576923076923
0 0.7211538461538461 0.4266826923076923 0.016826923076923076 0.042067307692307696
0 0.7572115384615384 0.4206730769230769 0.016826923076923076 0.03125
0 0.7716346153846154 0.41346153846153844 0.015625 0.03125
0 0.7560096153846154 0.39783653846153844 0.016826923076923076 0.027644230769230768
1 0.09254807692307693 0.39663461538461536 0.028846153846153848 0.04807692307692308
1 0.12379807692307693 0.41346153846153844 0.028846153846153848 0.04927884615384615
1 0.15865384615384615 0.4266826923076923 0.030048076923076924 0.056490384615384616
1 0.1971153846153846 0.4362980769230769 0.03245192307692308 0.0625
1 0.2536057692307692 0.4495192307692308 0.030048076923076924 0.054086538461538464
1 0.3737980769230769 0.4579326923076923 0.027644230769230768 0.056490384615384616
1 0.4110576923076923 0.44591346153846156 0.026442307692307692 0.052884615384615384
1 0.43990384615384615 0.4411057692307692 0.018028846153846152 0.046875
1 0.4519230769230769 0.43028846153846156 0.02403846153846154 0.046875
1 0.5216346153846154 0.4074519230769231 0.020432692307692308 0.039663461538461536
1 0.546875 0.4110576923076923 0.019230769230769232 0.04447115384615385
1 0.5829326923076923 0.40865384615384615 0.018028846153846152 0.03245192307692308
1 0.6009615384615384 0.39783653846153844 0.013221153846153846 0.027644230769230768
1 0.6165865384615384 0.39783653846153844 0.015625 0.03125