1 0.12620192307692307 0.25600961538461536 0.02283653846153846 0.046875
1 0.12379807692307693 0.2127403846153846 0.026442307692307692 0.03365384615384615
1 0.25 0.2608173076923077 0.02403846153846154 0.036057692307692304
1 0.2800480769230769 0.2776442307692308 0.028846153846153848 0.052884615384615384
1 0.3125 0.28846153846153844 0.027644230769230768 0.046875
1 0.34975961538461536 0.30528846153846156 0.028846153846153848 0.052884615384615384
1 0.4014423076923077 0.3137019230769231 0.028846153846153848 0.04927884615384615
1 0.5144230769230769 0.31490384615384615 0.025240384615384616 0.051682692307692304
1 0.5504807692307693 0.3004807692307692 0.021634615384615384 0.052884615384615384
1 0.5805288461538461 0.28125 0.02403846153846154 0.046875
1 0.5865384615384616 0.25841346153846156 0.021634615384615384 0.03365384615384615
1 0.6610576923076923 0.20072115384615385 0.019230769230769232 0.04326923076923077
1 0.6862980769230769 0.1935096153846154 0.019230769230769232 0.04326923076923077
1 0.7043269230769231 0.1935096153846154 0.02283653846153846 0.040865384615384616
1 0.7211538461538461 0.17908653846153846 0.021634615384615384 0.040865384615384616
1 0.7391826923076923 0.171875 0.021634615384615384 0.036057692307692304
1 0.7728365384615384 0.13341346153846154 0.020432692307692308 0.040865384615384616
0 0.19831730769230768 0.35336538461538464 0.037259615384615384 0.052884615384615384
0 0.25 0.37740384615384615 0.03245192307692308 0.05048076923076923
0 0.3161057692307692 0.4074519230769231 0.03485576923076923 0.0625
0 0.3581730769230769 0.4326923076923077 0.03365384615384615 0.06370192307692307
0 0.41225961538461536 0.44591346153846156 0.036057692307692304 0.06009615384615385
0 0.5048076923076923 0.47475961538461536 0.042067307692307696 0.07091346153846154
0 0.5877403846153846 0.4831730769230769 0.046875 0.07932692307692307
0 0.6850961538461539 0.46274038461538464 0.042067307692307696 0.07091346153846154
0 0.7151442307692307 0.4326923076923077 0.037259615384615384 0.06129807692307692
0 0.7439903846153846 0.40625 0.03245192307692308 0.06370192307692307
0 0.7127403846153846 0.3088942307692308 0.025240384615384616 0.040865384615384616
0 0.7427884615384616 0.32211538461538464 0.027644230769230768 0.04567307692307692
0 0.6971153846153846 0.29086538461538464 0.020432692307692308 0.037259615384615384
0 0.8112980769230769 0.22716346153846154 0.02283653846153846 0.046875
0 0.7920673076923077 0.22115384615384615 0.020432692307692308 0.04567307692307692
0 0.8509615384615384 0.20552884615384615 0.019230769230769232 0.042067307692307696
0 0.8762019230769231 0.19591346153846154 0.02283653846153846 0.04447115384615385
0 0.9134615384615384 0.17668269230769232 0.028846153846153848 0.037259615384615384
0 0.9326923076923077 0.16346153846153846 0.021634615384615384 0.03365384615384615
0 0.9170673076923077 0.1466346153846154 0.016826923076923076 0.036057692307692304