0 0.2439903846153846 0.5036057692307693 0.03485576923076923 0.051682692307692304
0 0.2980769230769231 0.5216346153846154 0.030048076923076924 0.057692307692307696
0 0.3629807692307692 0.5420673076923077 0.028846153846153848 0.056490384615384616
0 0.4074519230769231 0.5564903846153846 0.03245192307692308 0.06490384615384616
0 0.4639423076923077 0.5685096153846154 0.03245192307692308 0.0673076923076923
0 0.5588942307692307 0.5733173076923077 0.039663461538461536 0.07692307692307693
0 0.6430288461538461 0.5745192307692307 0.040865384615384616 0.07091346153846154
0 0.7379807692307693 0.5384615384615384 0.036057692307692304 0.0673076923076923
0 0.7716346153846154 0.5036057692307693 0.042067307692307696 0.07211538461538461
0 0.7872596153846154 0.4651442307692308 0.03245192307692308 0.056490384615384616
0 0.7524038461538461 0.3713942307692308 0.02403846153846154 0.052884615384615384
0 0.7319711538461539 0.36658653846153844 0.02283653846153846 0.04567307692307692
0 0.7920673076923077 0.3737980769230769 0.03125 0.038461538461538464
0 0.8449519230769231 0.265625 0.020432692307692308 0.042067307692307696
0 0.8221153846153846 0.265625 0.018028846153846152 0.04927884615384615
0 0.8689903846153846 0.23677884615384615 0.026442307692307692 0.039663461538461536
0 0.8990384615384616 0.2247596153846154 0.018028846153846152 0.042067307692307696
0 0.9362980769230769 0.20072115384615385 0.020432692307692308 0.037259615384615384
0 0.9507211538461539 0.18389423076923078 0.018028846153846152 0.028846153846153848
0 0.9350961538461539 0.17067307692307693 0.013221153846153846 0.02283653846153846
1 0.1778846153846154 0.41346153846153844 0.020432692307692308 0.04447115384615385
1 0.2860576923076923 0.39783653846153844 0.020432692307692308 0.04447115384615385
1 0.31971153846153844 0.4050480769230769 0.02283653846153846 0.040865384615384616
1 0.3473557692307692 0.4170673076923077 0.021634615384615384 0.04927884615384615
1 0.390625 0.42788461538461536 0.026442307692307692 0.054086538461538464
1 0.43990384615384615 0.43028846153846156 0.025240384615384616 0.04807692307692308
1 0.5516826923076923 0.40384615384615385 0.020432692307692308 0.04326923076923077
1 0.5865384615384616 0.390625 0.02283653846153846 0.042067307692307696
1 0.6105769230769231 0.3629807692307692 0.018028846153846152 0.040865384615384616
1 0.6177884615384616 0.33533653846153844 0.02403846153846154 0.03125
1 0.6826923076923077 0.2704326923076923 0.018028846153846152 0.03365384615384615
1 0.7043269230769231 0.2620192307692308 0.016826923076923076 0.046875
1 0.7271634615384616 0.25721153846153844 0.020432692307692308 0.038461538461538464
1 0.7620192307692307 0.2283653846153846 0.016826923076923076 0.03245192307692308
1 0.7728365384615384 0.2091346153846154 0.020432692307692308 0.040865384615384616