0 0.13822115384615385 0.8810096153846154 0.1045673076923077 0.15985576923076922
0 0.09014423076923077 0.8040865384615384 0.08413461538461539 0.15384615384615385
0 0.17668269230769232 0.7560096153846154 0.08653846153846154 0.12139423076923077
0 0.6814903846153846 0.5625 0.051682692307692304 0.09254807692307693
0 0.7956730769230769 0.5132211538461539 0.055288461538461536 0.07451923076923077
0 0.8762019230769231 0.4879807692307692 0.05048076923076923 0.06971153846153846
0 0.9867788461538461 0.46875 0.021634615384615384 0.07692307692307693
0 0.6490384615384616 0.5336538461538461 0.038461538461538464 0.08052884615384616
0 0.6129807692307693 0.5264423076923077 0.036057692307692304 0.09254807692307693
1 0.054086538461538464 0.5877403846153846 0.0625 0.09615384615384616
1 0.41947115384615385 0.4651442307692308 0.038461538461538464 0.0625
1 0.4807692307692308 0.4651442307692308 0.03245192307692308 0.06971153846153846
1 0.5216346153846154 0.4639423076923077 0.036057692307692304 0.05889423076923077
1 0.5745192307692307 0.4387019230769231 0.030048076923076924 0.057692307692307696
1 0.6310096153846154 0.42788461538461536 0.03485576923076923 0.06490384615384616
1 0.6814903846153846 0.40865384615384615 0.03365384615384615 0.06009615384615385
1 0.7175480769230769 0.38822115384615385 0.027644230769230768 0.04447115384615385
1 0.7487980769230769 0.37740384615384615 0.025240384615384616 0.051682692307692304
1 0.7692307692307693 0.36177884615384615 0.02403846153846154 0.04326923076923077