1 0.2764423076923077 0.234375 0.025240384615384616 0.040865384615384616
1 0.21995192307692307 0.2548076923076923 0.019230769230769232 0.046875
1 0.2247596153846154 0.3004807692307692 0.030048076923076924 0.056490384615384616
1 0.17067307692307693 0.38100961538461536 0.036057692307692304 0.08173076923076923
1 0.2848557692307692 0.4375 0.054086538461538464 0.08052884615384616
1 0.3762019230769231 0.43149038461538464 0.05048076923076923 0.09014423076923077
1 0.4795673076923077 0.41947115384615385 0.04807692307692308 0.06971153846153846
1 0.546875 0.4050480769230769 0.051682692307692304 0.08413461538461539
1 0.8918269230769231 0.35697115384615385 0.04807692307692308 0.08653846153846154
1 0.9603365384615384 0.36899038461538464 0.056490384615384616 0.09014423076923077
0 0.6310096153846154 0.6622596153846154 0.08774038461538461 0.13341346153846154
0 0.5901442307692307 0.5793269230769231 0.06971153846153846 0.125
0 0.6658653846153846 0.5625 0.06971153846153846 0.11658653846153846
0 0.6045673076923077 0.5120192307692307 0.056490384615384616 0.0673076923076923
0 0.05048076923076923 0.8870192307692307 0.10096153846153846 0.1875