0 0.5805288461538461 0.5673076923076923 0.054086538461538464 0.08413461538461539
0 0.4699519230769231 0.6225961538461539 0.046875 0.078125
0 0.328125 0.6766826923076923 0.05889423076923077 0.09134615384615384
0 0.125 0.671875 0.054086538461538464 0.09254807692307693
0 0.015625 0.6730769230769231 0.030048076923076924 0.08774038461538461
1 0.5084134615384616 0.3293269230769231 0.038461538461538464 0.05048076923076923
1 0.43509615384615385 0.359375 0.036057692307692304 0.07211538461538461
1 0.35336538461538464 0.3786057692307692 0.03485576923076923 0.06490384615384616
1 0.26802884615384615 0.39783653846153844 0.039663461538461536 0.0673076923076923
1 0.17307692307692307 0.41586538461538464 0.037259615384615384 0.0829326923076923
1 0.09014423076923077 0.42908653846153844 0.046875 0.0733173076923077