1 0.9278846153846154 0.5396634615384616 0.05889423076923077 0.07692307692307693
1 0.8161057692307693 0.5288461538461539 0.054086538461538464 0.08774038461538461
1 0.7764423076923077 0.5108173076923077 0.042067307692307696 0.09615384615384616
1 0.7439903846153846 0.49278846153846156 0.042067307692307696 0.0889423076923077
1 0.4855769230769231 0.4423076923076923 0.03125 0.054086538461538464
1 0.43990384615384615 0.4411057692307692 0.03125 0.05048076923076923
1 0.40625 0.4326923076923077 0.028846153846153848 0.04447115384615385
1 0.38221153846153844 0.421875 0.021634615384615384 0.057692307692307696
1 0.4362980769230769 0.39903846153846156 0.025240384615384616 0.042067307692307696
1 0.48197115384615385 0.3918269230769231 0.028846153846153848 0.03125
1 0.5180288461538461 0.3786057692307692 0.025240384615384616 0.036057692307692304
1 0.5504807692307693 0.36778846153846156 0.016826923076923076 0.037259615384615384
1 0.6610576923076923 0.34134615384615385 0.020432692307692308 0.038461538461538464
1 0.6778846153846154 0.3401442307692308 0.016826923076923076 0.027644230769230768
1 0.7043269230769231 0.3269230769230769 0.019230769230769232 0.03125
0 0.8461538461538461 0.8016826923076923 0.09254807692307693 0.1622596153846154
0 0.7079326923076923 0.6887019230769231 0.06490384615384616 0.11057692307692307
0 0.6442307692307693 0.6201923076923077 0.04807692307692308 0.09495192307692307
0 0.5949519230769231 0.6370192307692307 0.057692307692307696 0.1045673076923077
0 0.6045673076923077 0.5793269230769231 0.04326923076923077 0.04567307692307692
0 0.296875 0.5240384615384616 0.042067307692307696 0.06971153846153846
0 0.33052884615384615 0.5024038461538461 0.03245192307692308 0.06129807692307692
0 0.29447115384615385 0.4807692307692308 0.025240384615384616 0.021634615384615384
0 0.1045673076923077 0.49158653846153844 0.03245192307692308 0.05889423076923077
0 0.0829326923076923 0.47596153846153844 0.03245192307692308 0.06129807692307692
0 0.17307692307692307 0.43149038461538464 0.030048076923076924 0.052884615384615384
0 0.22596153846153846 0.41346153846153844 0.025240384615384616 0.04567307692307692
0 0.2704326923076923 0.40384615384615385 0.025240384615384616 0.046875
0 0.3112980769230769 0.3954326923076923 0.021634615384615384 0.038461538461538464
0 0.36899038461538464 0.38461538461538464 0.016826923076923076 0.039663461538461536
0 0.41586538461538464 0.37259615384615385 0.016826923076923076 0.036057692307692304