1 0.6394230769230769 0.3870192307692308 0.046875 0.07091346153846154
1 0.5504807692307693 0.40865384615384615 0.037259615384615384 0.06850961538461539
1 0.44471153846153844 0.41947115384615385 0.046875 0.08052884615384616
1 0.34134615384615385 0.4266826923076923 0.04326923076923077 0.0733173076923077
1 0.23197115384615385 0.4375 0.039663461538461536 0.0673076923076923
1 0.13221153846153846 0.4411057692307692 0.052884615384615384 0.07572115384615384
1 0.02403846153846154 0.46033653846153844 0.04807692307692308 0.08653846153846154
0 0.7524038461538461 0.6081730769230769 0.0733173076923077 0.13822115384615385
0 0.5793269230769231 0.6658653846153846 0.08413461538461539 0.1466346153846154
0 0.35697115384615385 0.6887019230769231 0.08173076923076923 0.15745192307692307
0 0.07211538461538461 0.6658653846153846 0.09134615384615384 0.1466346153846154