0 0.8377403846153846 0.9254807692307693 0.08413461538461539 0.11778846153846154
0 0.7127403846153846 0.7632211538461539 0.0733173076923077 0.10576923076923077
0 0.6502403846153846 0.6430288461538461 0.0625 0.09975961538461539
0 0.5877403846153846 0.6334134615384616 0.057692307692307696 0.09134615384615384
0 0.6490384615384616 0.5540865384615384 0.039663461538461536 0.07932692307692307
0 0.6165865384615384 0.5769230769230769 0.04567307692307692 0.06610576923076923
0 0.3425480769230769 0.36538461538461536 0.039663461538461536 0.0625
0 0.2764423076923077 0.3870192307692308 0.03485576923076923 0.057692307692307696
0 0.31009615384615385 0.35697115384615385 0.026442307692307692 0.06610576923076923
0 0.34375 0.32572115384615385 0.025240384615384616 0.019230769230769232
0 0.11538461538461539 0.2980769230769231 0.028846153846153848 0.05048076923076923
0 0.09134615384615384 0.2764423076923077 0.03245192307692308 0.06610576923076923
0 0.078125 0.24278846153846154 0.027644230769230768 0.04447115384615385
0 0.10697115384615384 0.21033653846153846 0.028846153846153848 0.054086538461538464
0 0.15264423076923078 0.1875 0.03245192307692308 0.04807692307692308
0 0.21394230769230768 0.17067307692307693 0.028846153846153848 0.05048076923076923
0 0.25240384615384615 0.15504807692307693 0.027644230769230768 0.046875
0 0.2920673076923077 0.14543269230769232 0.026442307692307692 0.042067307692307696
0 0.35096153846153844 0.12980769230769232 0.02403846153846154 0.038461538461538464
0 0.40024038461538464 0.1141826923076923 0.02283653846153846 0.036057692307692304
1 0.6923076923076923 0.0889423076923077 0.020432692307692308 0.03245192307692308
1 0.6418269230769231 0.11658653846153846 0.016826923076923076 0.036057692307692304
1 0.6586538461538461 0.10216346153846154 0.014423076923076924 0.037259615384615384
1 0.5661057692307693 0.12860576923076922 0.015625 0.03365384615384615
1 0.5384615384615384 0.14302884615384615 0.020432692307692308 0.042067307692307696
1 0.5048076923076923 0.15384615384615385 0.020432692307692308 0.038461538461538464
1 0.4651442307692308 0.16466346153846154 0.02283653846153846 0.04807692307692308
1 0.42908653846153844 0.18389423076923078 0.028846153846153848 0.04567307692307692
1 0.38221153846153844 0.21995192307692307 0.02403846153846154 0.046875
1 0.40625 0.25 0.02403846153846154 0.057692307692307696
1 0.44471153846153844 0.27283653846153844 0.03245192307692308 0.04326923076923077
1 0.49158653846153844 0.2860576923076923 0.03365384615384615 0.051682692307692304
1 0.7427884615384616 0.40865384615384615 0.037259615384615384 0.0625
1 0.7704326923076923 0.453125 0.037259615384615384 0.08774038461538461
1 0.8064903846153846 0.49158653846153844 0.042067307692307696 0.06850961538461539
1 0.8209134615384616 0.45913461538461536 0.039663461538461536 0.06490384615384616
1 0.9038461538461539 0.5336538461538461 0.04447115384615385 0.07572115384615384