1 0.9122596153846154 0.7259615384615384 0.046875 0.09014423076923077
1 0.8076923076923077 0.6634615384615384 0.04567307692307692 0.08052884615384616
1 0.7451923076923077 0.5745192307692307 0.04447115384615385 0.078125
1 0.7740384615384616 0.6322115384615384 0.039663461538461536 0.0733173076923077
1 0.49158653846153844 0.4362980769230769 0.030048076923076924 0.04807692307692308
1 0.44471153846153844 0.42788461538461536 0.03245192307692308 0.054086538461538464
1 0.4098557692307692 0.39783653846153844 0.025240384615384616 0.04447115384615385
1 0.3858173076923077 0.3786057692307692 0.025240384615384616 0.056490384615384616
1 0.4362980769230769 0.34134615384615385 0.02403846153846154 0.052884615384615384
1 0.4699519230769231 0.31971153846153844 0.021634615384615384 0.039663461538461536
1 0.5084134615384616 0.3088942307692308 0.02403846153846154 0.03485576923076923
1 0.5396634615384616 0.3016826923076923 0.016826923076923076 0.037259615384615384
1 0.5697115384615384 0.28725961538461536 0.019230769230769232 0.04447115384615385
1 0.6466346153846154 0.27403846153846156 0.016826923076923076 0.03485576923076923
1 0.6634615384615384 0.2668269230769231 0.013221153846153846 0.036057692307692304
1 0.6923076923076923 0.25240384615384615 0.018028846153846152 0.03125
0 0.7115384615384616 0.9507211538461539 0.05889423076923077 0.09134615384615384
0 0.6430288461538461 0.8112980769230769 0.054086538461538464 0.08052884615384616
0 0.5901442307692307 0.8185096153846154 0.05048076923076923 0.09014423076923077
0 0.6153846153846154 0.7487980769230769 0.046875 0.054086538461538464
0 0.6442307692307693 0.7283653846153846 0.036057692307692304 0.0733173076923077
0 0.2800480769230769 0.5420673076923077 0.039663461538461536 0.06610576923076923
0 0.3401442307692308 0.5288461538461539 0.039663461538461536 0.0733173076923077
0 0.3076923076923077 0.5060096153846154 0.028846153846153848 0.054086538461538464
0 0.11538461538461539 0.4411057692307692 0.03365384615384615 0.04927884615384615
0 0.09375 0.421875 0.03245192307692308 0.0673076923076923
0 0.08533653846153846 0.37740384615384615 0.02403846153846154 0.036057692307692304
0 0.1141826923076923 0.3545673076923077 0.028846153846153848 0.04567307692307692
0 0.16466346153846154 0.3317307692307692 0.03245192307692308 0.04447115384615385
0 0.22115384615384615 0.3137019230769231 0.026442307692307692 0.04567307692307692
0 0.2620192307692308 0.2980769230769231 0.025240384615384616 0.042067307692307696
0 0.30408653846153844 0.296875 0.019230769230769232 0.039663461538461536
0 0.3581730769230769 0.2824519230769231 0.019230769230769232 0.036057692307692304
0 0.40625 0.27163461538461536 0.018028846153846152 0.039663461538461536