0 0.8521634615384616 0.5913461538461539 0.09014423076923077 0.13822115384615385
0 0.6322115384615384 0.6370192307692307 0.08533653846153846 0.15745192307692307
0 0.3701923076923077 0.6670673076923077 0.08533653846153846 0.15144230769230768
0 0.07932692307692307 0.6033653846153846 0.09375 0.15745192307692307
1 0.0673076923076923 0.28725961538461536 0.054086538461538464 0.08052884615384616
1 0.16706730769230768 0.2860576923076923 0.046875 0.08533653846153846
1 0.2644230769230769 0.28365384615384615 0.046875 0.0829326923076923
1 0.3786057692307692 0.2824519230769231 0.04447115384615385 0.08413461538461539
1 0.47716346153846156 0.27884615384615385 0.04326923076923077 0.08774038461538461
1 0.5913461538461539 0.2644230769230769 0.04447115384615385 0.078125
1 0.6983173076923077 0.25961538461538464 0.04447115384615385 0.078125