0 0.38221153846153844 0.27884615384615385 0.02283653846153846 0.057692307692307696
0 0.3329326923076923 0.38341346153846156 0.015625 0.0625
0 0.3233173076923077 0.4326923076923077 0.018028846153846152 0.06370192307692307
0 0.31009615384615385 0.5949519230769231 0.040865384615384616 0.07932692307692307
0 0.41225961538461536 0.7524038461538461 0.046875 0.10697115384615384
0 0.48677884615384615 0.7620192307692307 0.04927884615384615 0.1045673076923077
0 0.5649038461538461 0.8016826923076923 0.05048076923076923 0.11177884615384616
0 0.7295673076923077 0.7980769230769231 0.046875 0.11899038461538461
0 0.7788461538461539 0.7572115384615384 0.04807692307692308 0.10817307692307693
0 0.8341346153846154 0.7235576923076923 0.04807692307692308 0.11658653846153846
0 0.953125 0.7079326923076923 0.04447115384615385 0.1045673076923077
1 0.9627403846153846 0.48677884615384615 0.04447115384615385 0.08533653846153846
1 0.8894230769230769 0.4651442307692308 0.038461538461538464 0.0673076923076923
1 0.765625 0.4519230769230769 0.036057692307692304 0.07572115384615384
1 0.7163461538461539 0.45072115384615385 0.03125 0.06490384615384616
1 0.65625 0.44471153846153844 0.027644230769230768 0.06370192307692307
1 0.6033653846153846 0.46875 0.030048076923076924 0.07692307692307693
1 0.5276442307692307 0.3762019230769231 0.030048076923076924 0.06490384615384616
1 0.5120192307692307 0.32572115384615385 0.027644230769230768 0.06370192307692307
1 0.5180288461538461 0.2764423076923077 0.03245192307692308 0.03485576923076923
1 0.5264423076923077 0.2439903846153846 0.02403846153846154 0.03125
1 0.53125 0.21394230769230768 0.025240384615384616 0.016826923076923076
1 0.5276442307692307 0.18990384615384615 0.020432692307692308 0.028846153846153848
1 0.546875 0.12620192307692307 0.016826923076923076 0.038461538461538464