1 0.019230769230769232 0.5625 0.037259615384615384 0.08533653846153846
1 0.08774038461538461 0.5084134615384616 0.038461538461538464 0.09014423076923077
1 0.1502403846153846 0.4699519230769231 0.030048076923076924 0.08533653846153846
1 0.25 0.40384615384615385 0.030048076923076924 0.06490384615384616
1 0.3076923076923077 0.38100961538461536 0.02403846153846154 0.08173076923076923
1 0.3449519230769231 0.35697115384615385 0.027644230769230768 0.08052884615384616
1 0.38822115384615385 0.3293269230769231 0.02283653846153846 0.0733173076923077
1 0.4326923076923077 0.30649038461538464 0.020432692307692308 0.0673076923076923
1 0.46875 0.29086538461538464 0.019230769230769232 0.06129807692307692
1 0.5096153846153846 0.27524038461538464 0.014423076923076924 0.06009615384615385
1 0.5324519230769231 0.2536057692307692 0.016826923076923076 0.052884615384615384
1 0.5552884615384616 0.234375 0.016826923076923076 0.04807692307692308
1 0.578125 0.2127403846153846 0.016826923076923076 0.04447115384615385
0 0.21875 0.8221153846153846 0.04807692307692308 0.12620192307692307
0 0.24158653846153846 0.7235576923076923 0.04807692307692308 0.10697115384615384
0 0.27524038461538464 0.65625 0.038461538461538464 0.09615384615384616
0 0.3473557692307692 0.5528846153846154 0.039663461538461536 0.09014423076923077
0 0.3870192307692308 0.5228365384615384 0.03125 0.09014423076923077
0 0.421875 0.484375 0.030048076923076924 0.0889423076923077
0 0.45552884615384615 0.4567307692307692 0.02403846153846154 0.07451923076923077
0 0.5516826923076923 0.41346153846153844 0.03125 0.07932692307692307
0 0.6069711538461539 0.4074519230769231 0.02403846153846154 0.057692307692307696
0 0.6538461538461539 0.3762019230769231 0.02283653846153846 0.0625
0 0.7115384615384616 0.35697115384615385 0.028846153846153848 0.05889423076923077
0 0.7235576923076923 0.31490384615384615 0.02403846153846154 0.042067307692307696
0 0.7331730769230769 0.2824519230769231 0.020432692307692308 0.054086538461538464