0 0.2776442307692308 0.3112980769230769 0.02403846153846154 0.052884615384615384
0 0.2764423076923077 0.3629807692307692 0.030048076923076924 0.07091346153846154
0 0.2776442307692308 0.42427884615384615 0.030048076923076924 0.051682692307692304
0 0.27884615384615385 0.4831730769230769 0.03365384615384615 0.054086538461538464
0 0.2956730769230769 0.5492788461538461 0.03365384615384615 0.06490384615384616
0 0.33533653846153844 0.6394230769230769 0.04326923076923077 0.08774038461538461
0 0.3870192307692308 0.71875 0.03485576923076923 0.09615384615384616
0 0.4951923076923077 0.8100961538461539 0.055288461538461536 0.12379807692307693
0 0.5637019230769231 0.7572115384615384 0.04807692307692308 0.12620192307692307
0 0.6346153846153846 0.7139423076923077 0.04447115384615385 0.10697115384615384
0 0.7415865384615384 0.6129807692307693 0.042067307692307696 0.10096153846153846
0 0.7596153846153846 0.5504807692307693 0.040865384615384616 0.07932692307692307
0 0.7848557692307693 0.5072115384615384 0.040865384615384616 0.08653846153846154
0 0.859375 0.4519230769230769 0.036057692307692304 0.08774038461538461
0 0.8978365384615384 0.4411057692307692 0.03485576923076923 0.07692307692307693
0 0.9447115384615384 0.4230769230769231 0.03485576923076923 0.07211538461538461
0 0.9795673076923077 0.41225961538461536 0.03245192307692308 0.07692307692307693
1 0.38221153846153844 0.10817307692307693 0.014423076923076924 0.025240384615384616
1 0.38461538461538464 0.12860576923076922 0.013221153846153846 0.014423076923076924
1 0.3894230769230769 0.171875 0.019230769230769232 0.03365384615384615
1 0.39783653846153844 0.19831730769230768 0.013221153846153846 0.02403846153846154
1 0.39783653846153844 0.23677884615384615 0.01201923076923077 0.04326923076923077
1 0.4254807692307692 0.30528846153846156 0.02283653846153846 0.054086538461538464
1 0.453125 0.3545673076923077 0.025240384615384616 0.06490384615384616
1 0.5504807692307693 0.3942307692307692 0.02403846153846154 0.0625
1 0.5829326923076923 0.3605769230769231 0.028846153846153848 0.07211538461538461
1 0.6298076923076923 0.3485576923076923 0.025240384615384616 0.0673076923076923
1 0.6694711538461539 0.3269230769230769 0.027644230769230768 0.0625
1 0.7596153846153846 0.30408653846153844 0.026442307692307692 0.06490384615384616
1 0.8088942307692307 0.28725961538461536 0.02283653846153846 0.056490384615384616
1 0.8533653846153846 0.2776442307692308 0.026442307692307692 0.039663461538461536
1 0.9014423076923077 0.2704326923076923 0.027644230769230768 0.06009615384615385
1 0.9495192307692307 0.25721153846153844 0.027644230769230768 0.06009615384615385
1 0.9915865384615384 0.24639423076923078 0.01201923076923077 0.055288461538461536