1 0.16346153846153846 0.9615384615384616 0.09375 0.07451923076923077
0 0.5709134615384616 0.1310096153846154 0.03125 0.055288461538461536
1 0.010817307692307692 0.14302884615384615 0.021634615384615384 0.07211538461538461
0 0.359375 0.015625 0.03125 0.03125
0 0.6225961538461539 0.1778846153846154 0.03245192307692308 0.06129807692307692
1 0.04447115384615385 0.1875 0.04326923076923077 0.08173076923076923
1 0.08653846153846154 0.23557692307692307 0.05048076923076923 0.0829326923076923
0 0.6742788461538461 0.23677884615384615 0.037259615384615384 0.0673076923076923
1 0.11658653846153846 0.29927884615384615 0.051682692307692304 0.08653846153846154
0 0.7271634615384616 0.3004807692307692 0.04807692307692308 0.09014423076923077
1 0.13581730769230768 0.37740384615384615 0.057692307692307696 0.10336538461538461
0 0.7860576923076923 0.38221153846153844 0.054086538461538464 0.09975961538461539
0 0.3954326923076923 0.039663461538461536 0.03245192307692308 0.0625
0 0.8581730769230769 0.46875 0.05889423076923077 0.10576923076923077
0 0.9278846153846154 0.5769230769230769 0.06850961538461539 0.10817307692307693
1 0.1466346153846154 0.6177884615384616 0.0673076923076923 0.12740384615384615
0 0.45552884615384615 0.06850961538461539 0.03125 0.06610576923076923
0 0.5120192307692307 0.09134615384615384 0.03365384615384615 0.07451923076923077