1 0.16706730769230768 0.9603365384615384 0.09375 0.07692307692307693
0 0.5168269230769231 0.09735576923076923 0.042067307692307696 0.06129807692307692
0 0.5745192307692307 0.12980769230769232 0.038461538461538464 0.07572115384615384
1 0.010817307692307692 0.14182692307692307 0.021634615384615384 0.07572115384615384
0 0.6286057692307693 0.18028846153846154 0.036057692307692304 0.07932692307692307
1 0.05048076923076923 0.18269230769230768 0.052884615384615384 0.08413461538461539
0 0.3641826923076923 0.02403846153846154 0.03125 0.04807692307692308
1 0.09375 0.23317307692307693 0.04567307692307692 0.078125
0 0.6790865384615384 0.23677884615384615 0.04807692307692308 0.08173076923076923
1 0.12139423076923077 0.296875 0.05048076923076923 0.07572115384615384
0 0.7295673076923077 0.30408653846153844 0.052884615384615384 0.09254807692307693
0 0.40024038461538464 0.037259615384615384 0.03245192307692308 0.05889423076923077
0 0.7884615384615384 0.38341346153846156 0.057692307692307696 0.10336538461538461
1 0.140625 0.3858173076923077 0.0673076923076923 0.10697115384615384
0 0.8629807692307693 0.48197115384615385 0.055288461538461536 0.11298076923076923
0 0.9326923076923077 0.578125 0.0673076923076923 0.13341346153846154
1 0.15384615384615385 0.6189903846153846 0.0673076923076923 0.1346153846153846
0 0.4579326923076923 0.07091346153846154 0.03485576923076923 0.057692307692307696