1 0.17307692307692307 0.9651442307692307 0.10216346153846154 0.0673076923076923
0 0.5216346153846154 0.0985576923076923 0.038461538461538464 0.07572115384615384
0 0.5805288461538461 0.13581730769230768 0.03485576923076923 0.07572115384615384
1 0.016826923076923076 0.13942307692307693 0.03365384615384615 0.08173076923076923
1 0.056490384615384616 0.18028846153846154 0.04567307692307692 0.06610576923076923
0 0.6334134615384616 0.18389423076923078 0.04326923076923077 0.078125
0 0.37259615384615385 0.021634615384615384 0.03125 0.04326923076923077
1 0.09975961538461539 0.22716346153846154 0.04807692307692308 0.0733173076923077
0 0.6838942307692307 0.23918269230769232 0.038461538461538464 0.078125
1 0.1310096153846154 0.296875 0.056490384615384616 0.09014423076923077
0 0.7379807692307693 0.31009615384615385 0.056490384615384616 0.07932692307692307
1 0.14783653846153846 0.38341346153846156 0.06009615384615385 0.08774038461538461
0 0.7980769230769231 0.38822115384615385 0.06129807692307692 0.10576923076923077
0 0.40865384615384615 0.039663461538461536 0.027644230769230768 0.0625
0 0.8665865384615384 0.48677884615384615 0.057692307692307696 0.12259615384615384
0 0.9375 0.5853365384615384 0.06850961538461539 0.11057692307692307
1 0.15865384615384615 0.6081730769230769 0.0829326923076923 0.14302884615384615
0 0.4651442307692308 0.07572115384615384 0.03485576923076923 0.06610576923076923