1 0.18870192307692307 0.9639423076923077 0.08774038461538461 0.07091346153846154
0 0.5384615384615384 0.11177884615384616 0.037259615384615384 0.07211538461538461
1 0.007211538461538462 0.1201923076923077 0.014423076923076924 0.08173076923076923
1 0.028846153846153848 0.1466346153846154 0.04447115384615385 0.06129807692307692
0 0.5949519230769231 0.1502403846153846 0.039663461538461536 0.07451923076923077
1 0.07451923076923077 0.18629807692307693 0.04326923076923077 0.07211538461538461
0 0.6478365384615384 0.19951923076923078 0.04447115384615385 0.08173076923076923
1 0.1201923076923077 0.23317307692307693 0.046875 0.078125
0 0.6995192307692307 0.2548076923076923 0.046875 0.08533653846153846
1 0.14543269230769232 0.30408653846153844 0.046875 0.1045673076923077
0 0.7536057692307693 0.3293269230769231 0.051682692307692304 0.08653846153846154
0 0.38461538461538464 0.03365384615384615 0.03125 0.06610576923076923
1 0.16826923076923078 0.38341346153846156 0.05048076923076923 0.10336538461538461
0 0.8125 0.4110576923076923 0.052884615384615384 0.10697115384615384
0 0.8846153846153846 0.49759615384615385 0.06129807692307692 0.09495192307692307
0 0.4230769230769231 0.056490384615384616 0.03485576923076923 0.06610576923076923
0 0.9495192307692307 0.6033653846153846 0.06370192307692307 0.10336538461538461
1 0.1778846153846154 0.6153846153846154 0.0733173076923077 0.11538461538461539
0 0.4807692307692308 0.0829326923076923 0.03365384615384615 0.06971153846153846