0 0.4483173076923077 0.09975961538461539 0.027644230769230768 0.052884615384615384
1 0.015625 0.1201923076923077 0.030048076923076924 0.057692307692307696
0 0.5036057692307693 0.14302884615384615 0.03485576923076923 0.078125
1 0.03365384615384615 0.16346153846153846 0.036057692307692304 0.06490384615384616
0 0.6069711538461539 0.016826923076923076 0.021634615384615384 0.03365384615384615
0 0.5637019230769231 0.17067307692307693 0.04326923076923077 0.08413461538461539
0 0.7103365384615384 0.020432692307692308 0.026442307692307692 0.039663461538461536
1 0.06370192307692307 0.20192307692307693 0.039663461538461536 0.07692307692307693
0 0.6189903846153846 0.20673076923076922 0.038461538461538464 0.06971153846153846
0 0.8149038461538461 0.02403846153846154 0.028846153846153848 0.04807692307692308
0 0.5 0.02403846153846154 0.028846153846153848 0.04807692307692308
0 0.9194711538461539 0.02403846153846154 0.027644230769230768 0.04807692307692308
1 0.11057692307692307 0.24278846153846154 0.04447115384615385 0.07932692307692307
0 0.6730769230769231 0.25240384615384615 0.040865384615384616 0.07451923076923077
0 0.44591346153846156 0.026442307692307692 0.025240384615384616 0.040865384615384616
1 0.14903846153846154 0.2956730769230769 0.039663461538461536 0.08774038461538461
0 0.7259615384615384 0.3125 0.046875 0.07692307692307693
1 0.016826923076923076 0.03245192307692308 0.027644230769230768 0.05889423076923077
0 0.3918269230769231 0.03485576923076923 0.026442307692307692 0.051682692307692304
1 0.18028846153846154 0.35336538461538464 0.046875 0.08533653846153846
0 0.7788461538461539 0.38341346153846156 0.052884615384615384 0.09014423076923077
1 0.007211538461538462 0.042067307692307696 0.014423076923076924 0.040865384615384616
1 0.19471153846153846 0.43149038461538464 0.04927884615384615 0.09375
0 0.8401442307692307 0.4699519230769231 0.056490384615384616 0.09495192307692307
0 0.9110576923076923 0.5697115384615384 0.06009615384615385 0.1045673076923077
0 0.3798076923076923 0.0625 0.02283653846153846 0.052884615384615384
1 0.20192307692307693 0.6610576923076923 0.06610576923076923 0.12740384615384615
0 0.9723557692307693 0.671875 0.05048076923076923 0.12740384615384615
0 0.41466346153846156 0.07572115384615384 0.021634615384615384 0.04807692307692308