1 0.039663461538461536 0.10096153846153846 0.03365384615384615 0.06971153846153846
0 0.41225961538461536 0.10817307692307693 0.028846153846153848 0.06971153846153846
1 0.040865384615384616 0.12740384615384615 0.03365384615384615 0.05889423076923077
0 0.4483173076923077 0.1310096153846154 0.028846153846153848 0.055288461538461536
0 0.47836538461538464 0.15384615384615385 0.027644230769230768 0.06850961538461539
1 0.051682692307692304 0.16466346153846154 0.03245192307692308 0.07692307692307693
0 0.5360576923076923 0.1814903846153846 0.030048076923076924 0.055288461538461536
1 0.07572115384615384 0.203125 0.03365384615384615 0.07572115384615384
0 0.5961538461538461 0.21033653846153846 0.03485576923076923 0.06610576923076923
1 0.10697115384615384 0.2403846153846154 0.037259615384615384 0.08774038461538461
0 0.6490384615384616 0.25600961538461536 0.03365384615384615 0.08653846153846154
1 0.09975961538461539 0.027644230769230768 0.03245192307692308 0.051682692307692304
1 0.14903846153846154 0.28125 0.046875 0.06971153846153846
0 0.7043269230769231 0.30288461538461536 0.037259615384615384 0.06610576923076923
1 0.18870192307692307 0.3329326923076923 0.04326923076923077 0.07572115384615384
0 0.7560096153846154 0.3581730769230769 0.03485576923076923 0.0829326923076923
1 0.21514423076923078 0.39903846153846156 0.04447115384615385 0.09014423076923077
0 0.8100961538461539 0.4338942307692308 0.04326923076923077 0.1045673076923077
1 0.22956730769230768 0.47115384615384615 0.05048076923076923 0.1045673076923077
1 0.07211538461538461 0.04807692307692308 0.03125 0.06129807692307692
0 0.8737980769230769 0.5204326923076923 0.056490384615384616 0.09735576923076923
0 0.9459134615384616 0.6274038461538461 0.06129807692307692 0.13341346153846154
0 0.53125 0.06490384615384616 0.03365384615384615 0.051682692307692304
0 0.6382211538461539 0.06490384615384616 0.026442307692307692 0.051682692307692304
0 0.7415865384615384 0.06610576923076923 0.02283653846153846 0.06129807692307692
0 0.47596153846153844 0.06850961538461539 0.025240384615384616 0.052884615384615384
1 0.23317307692307693 0.6995192307692307 0.07211538461538461 0.12139423076923077
0 0.9507211538461539 0.0733173076923077 0.027644230769230768 0.05048076923076923
1 0.054086538461538464 0.07572115384615384 0.039663461538461536 0.06610576923076923
0 0.8461538461538461 0.07572115384615384 0.028846153846153848 0.055288461538461536
0 0.42427884615384615 0.0829326923076923 0.02283653846153846 0.0625