1 0.13822115384615385 0.11057692307692307 0.027644230769230768 0.07451923076923077
0 0.6899038461538461 0.12620192307692307 0.027644230769230768 0.04447115384615385
0 0.5793269230769231 0.12980769230769232 0.028846153846153848 0.05889423076923077
1 0.1201923076923077 0.1310096153846154 0.03125 0.06009615384615385
0 0.7932692307692307 0.13341346153846154 0.028846153846153848 0.05889423076923077
0 0.4795673076923077 0.1346153846153846 0.021634615384615384 0.04326923076923077
0 0.5276442307692307 0.1346153846153846 0.030048076923076924 0.0625
0 0.9026442307692307 0.13701923076923078 0.026442307692307692 0.06610576923076923
1 0.109375 0.1466346153846154 0.026442307692307692 0.04927884615384615
0 0.46634615384615385 0.1658653846153846 0.02403846153846154 0.056490384615384616
1 0.8497596153846154 0.018028846153846152 0.028846153846153848 0.03485576923076923
1 0.109375 0.18870192307692307 0.036057692307692304 0.06490384615384616
0 0.49759615384615385 0.19230769230769232 0.02403846153846154 0.052884615384615384
0 0.5348557692307693 0.21153846153846154 0.030048076923076924 0.0673076923076923
1 0.12139423076923077 0.21634615384615385 0.03245192307692308 0.05048076923076923
0 0.5853365384615384 0.2403846153846154 0.03365384615384615 0.06850961538461539
1 0.140625 0.25600961538461536 0.036057692307692304 0.06971153846153846
0 0.6454326923076923 0.27403846153846156 0.036057692307692304 0.07451923076923077
1 0.8293269230769231 0.027644230769230768 0.021634615384615384 0.04447115384615385
1 0.16706730769230768 0.29086538461538464 0.038461538461538464 0.05889423076923077
0 0.7055288461538461 0.31490384615384615 0.03125 0.07572115384615384
1 0.2091346153846154 0.33413461538461536 0.04567307692307692 0.07211538461538461
1 0.7932692307692307 0.03485576923076923 0.019230769230769232 0.046875
1 0.5877403846153846 0.036057692307692304 0.02403846153846154 0.042067307692307696
0 0.7560096153846154 0.3557692307692308 0.03485576923076923 0.05889423076923077
1 0.4182692307692308 0.036057692307692304 0.02283653846153846 0.056490384615384616
1 0.24639423076923078 0.37740384615384615 0.037259615384615384 0.06610576923076923
1 0.36899038461538464 0.038461538461538464 0.02403846153846154 0.054086538461538464
1 0.7524038461538461 0.038461538461538464 0.018028846153846152 0.042067307692307696
1 0.4987980769230769 0.039663461538461536 0.019230769230769232 0.05048076923076923
1 0.328125 0.040865384615384616 0.026442307692307692 0.05889423076923077
1 0.6742788461538461 0.042067307692307696 0.02403846153846154 0.04927884615384615
0 0.8088942307692307 0.4206730769230769 0.036057692307692304 0.07091346153846154
1 0.27163461538461536 0.44350961538461536 0.04807692307692308 0.08653846153846154
0 0.8665865384615384 0.49759615384615385 0.04326923076923077 0.08413461538461539
1 0.28365384615384615 0.515625 0.04927884615384615 0.09495192307692307
1 0.28365384615384615 0.051682692307692304 0.02403846153846154 0.055288461538461536
1 0.2403846153846154 0.056490384615384616 0.02403846153846154 0.054086538461538464
0 0.9278846153846154 0.5901442307692307 0.056490384615384616 0.10817307692307693
0 0.9879807692307693 0.6826923076923077 0.02283653846153846 0.10697115384615384
1 0.19951923076923078 0.07211538461538461 0.026442307692307692 0.05889423076923077
1 0.28846153846153844 0.7475961538461539 0.06009615384615385 0.12740384615384615
1 0.1658653846153846 0.08052884615384616 0.025240384615384616 0.06610576923076923