1 0.5288461538461539 0.09495192307692307 0.021634615384615384 0.042067307692307696
1 0.4483173076923077 0.09495192307692307 0.016826923076923076 0.04447115384615385
1 0.8581730769230769 0.09735576923076923 0.016826923076923076 0.04326923076923077
1 0.39783653846153844 0.09735576923076923 0.02403846153846154 0.04326923076923077
1 0.7800480769230769 0.0985576923076923 0.020432692307692308 0.056490384615384616
1 0.8209134615384616 0.09975961538461539 0.02283653846153846 0.04807692307692308
1 0.6117788461538461 0.10096153846153846 0.021634615384615384 0.042067307692307696
1 0.6971153846153846 0.10096153846153846 0.02403846153846154 0.05048076923076923
1 0.359375 0.10096153846153846 0.03125 0.055288461538461536
1 0.31490384615384615 0.1045673076923077 0.028846153846153848 0.04927884615384615
1 0.27163461538461536 0.11057692307692307 0.03125 0.06129807692307692
1 0.23197115384615385 0.125 0.02403846153846154 0.06009615384615385
1 0.20072115384615385 0.13942307692307693 0.028846153846153848 0.05889423076923077
1 0.17067307692307693 0.15745192307692307 0.03125 0.0625
1 0.15745192307692307 0.1814903846153846 0.028846153846153848 0.0673076923076923
0 0.6057692307692307 0.18990384615384615 0.028846153846153848 0.046875
0 0.7139423076923077 0.18990384615384615 0.027644230769230768 0.054086538461538464
0 0.5528846153846154 0.18990384615384615 0.027644230769230768 0.04927884615384615
0 0.8185096153846154 0.19110576923076922 0.027644230769230768 0.056490384615384616
0 0.5036057692307693 0.19471153846153846 0.027644230769230768 0.03485576923076923
0 0.9302884615384616 0.19831730769230768 0.026442307692307692 0.06610576923076923
1 0.14543269230769232 0.19831730769230768 0.03245192307692308 0.06009615384615385
0 0.4951923076923077 0.22115384615384615 0.03365384615384615 0.06850961538461539
1 0.14182692307692307 0.23197115384615385 0.039663461538461536 0.06490384615384616
0 0.5252403846153846 0.24519230769230768 0.028846153846153848 0.06129807692307692
1 0.8786057692307693 0.025240384615384616 0.01201923076923077 0.03365384615384615
0 0.5600961538461539 0.265625 0.027644230769230768 0.05889423076923077
1 0.15504807692307693 0.265625 0.03125 0.05889423076923077
0 0.6153846153846154 0.3004807692307692 0.027644230769230768 0.051682692307692304
1 0.17548076923076922 0.30408653846153844 0.028846153846153848 0.040865384615384616
0 0.6694711538461539 0.33052884615384615 0.036057692307692304 0.06370192307692307
1 0.20192307692307693 0.33653846153846156 0.03485576923076923 0.051682692307692304
0 0.7259615384615384 0.36658653846153844 0.038461538461538464 0.06971153846153846
1 0.8774038461538461 0.038461538461538464 0.015625 0.028846153846153848
1 0.23918269230769232 0.3798076923076923 0.042067307692307696 0.07091346153846154
1 0.27403846153846156 0.4206730769230769 0.046875 0.06610576923076923
0 0.7860576923076923 0.421875 0.039663461538461536 0.0673076923076923
1 0.29447115384615385 0.49038461538461536 0.046875 0.07932692307692307
0 0.8365384615384616 0.4963942307692308 0.046875 0.07451923076923077
0 0.8966346153846154 0.5600961538461539 0.051682692307692304 0.08653846153846154
1 0.31009615384615385 0.5709134615384616 0.05048076923076923 0.08173076923076923
1 0.875 0.057692307692307696 0.020432692307692308 0.030048076923076924
0 0.9603365384615384 0.6586538461538461 0.055288461538461536 0.09615384615384616
1 0.3161057692307692 0.7944711538461539 0.0625 0.11538461538461539
1 0.8774038461538461 0.08173076923076923 0.016826923076923076 0.030048076923076924