1 0.8882211538461539 0.1045673076923077 0.020432692307692308 0.026442307692307692
1 0.890625 0.13701923076923078 0.019230769230769232 0.040865384615384616
1 0.45913461538461536 0.14302884615384615 0.025240384615384616 0.042067307692307696
1 0.41225961538461536 0.14423076923076922 0.02403846153846154 0.05048076923076923
1 0.8701923076923077 0.14543269230769232 0.021634615384615384 0.03485576923076923
1 0.5396634615384616 0.14783653846153846 0.019230769230769232 0.038461538461538464
1 0.6237980769230769 0.14783653846153846 0.021634615384615384 0.038461538461538464
1 0.8305288461538461 0.14783653846153846 0.025240384615384616 0.038461538461538464
1 0.7103365384615384 0.1502403846153846 0.02283653846153846 0.042067307692307696
1 0.7908653846153846 0.1502403846153846 0.021634615384615384 0.038461538461538464
1 0.3737980769230769 0.15264423076923078 0.02403846153846154 0.04927884615384615
1 0.3293269230769231 0.15504807692307693 0.02283653846153846 0.04807692307692308
1 0.28966346153846156 0.1658653846153846 0.026442307692307692 0.06129807692307692
1 0.25 0.17548076923076922 0.025240384615384616 0.06971153846153846
1 0.21634615384615385 0.18870192307692307 0.025240384615384616 0.05889423076923077
1 0.1875 0.20673076923076922 0.03125 0.06971153846153846
1 0.17427884615384615 0.22716346153846154 0.02403846153846154 0.04927884615384615
0 0.7283653846153846 0.23197115384615385 0.027644230769230768 0.05889423076923077
0 0.6177884615384616 0.2403846153846154 0.03245192307692308 0.05048076923076923
0 0.5697115384615384 0.24278846153846154 0.02403846153846154 0.04807692307692308
0 0.5216346153846154 0.24639423076923078 0.02403846153846154 0.04326923076923077
0 0.8317307692307693 0.24639423076923078 0.030048076923076924 0.05048076923076923
1 0.15985576923076922 0.24639423076923078 0.027644230769230768 0.05048076923076923
0 0.9447115384615384 0.24759615384615385 0.03125 0.052884615384615384
0 0.5060096153846154 0.26802884615384615 0.027644230769230768 0.057692307692307696
1 0.16346153846153846 0.2800480769230769 0.030048076923076924 0.055288461538461536
0 0.5384615384615384 0.29086538461538464 0.02403846153846154 0.05048076923076923
0 0.5685096153846154 0.3137019230769231 0.027644230769230768 0.04927884615384615
1 0.17307692307692307 0.3161057692307692 0.028846153846153848 0.04807692307692308
1 0.19110576923076922 0.3473557692307692 0.028846153846153848 0.052884615384615384
0 0.625 0.3473557692307692 0.028846153846153848 0.04807692307692308
0 0.6850961538461539 0.3786057692307692 0.03125 0.055288461538461536
1 0.21875 0.3870192307692308 0.03125 0.054086538461538464
1 0.9807692307692307 0.042067307692307696 0.018028846153846152 0.030048076923076924
0 0.7427884615384616 0.421875 0.037259615384615384 0.0625
1 0.9194711538461539 0.042067307692307696 0.016826923076923076 0.026442307692307692
1 0.9555288461538461 0.042067307692307696 0.016826923076923076 0.026442307692307692
1 0.25721153846153844 0.4254807692307692 0.039663461538461536 0.0625
1 0.9375 0.04326923076923077 0.014423076923076924 0.03365384615384615
1 0.28966346153846156 0.4699519230769231 0.040865384615384616 0.07572115384615384
0 0.796875 0.47596153846153844 0.039663461538461536 0.06009615384615385
1 0.9050480769230769 0.04927884615384615 0.013221153846153846 0.026442307692307692
1 0.31009615384615385 0.53125 0.042067307692307696 0.08774038461538461
0 0.8533653846153846 0.5444711538461539 0.042067307692307696 0.078125
1 0.8930288461538461 0.054086538461538464 0.015625 0.02403846153846154
1 0.3269230769230769 0.609375 0.04447115384615385 0.08653846153846154
0 0.9098557692307693 0.6201923076923077 0.046875 0.08173076923076923
0 0.9759615384615384 0.7103365384615384 0.046875 0.09495192307692307
1 0.3245192307692308 0.8377403846153846 0.06129807692307692 0.10817307692307693
1 0.8882211538461539 0.08413461538461539 0.016826923076923076 0.021634615384615384